object={
	name="bridge 01"
	clamp_to_water_level=no
	render_under_water=yes
	generated_content=no
	layer="temp_layer"
	pdxmesh="bridge_01_mesh"
	count=201
	transform="1757.219360 1.404297 5816.296875 0.000000 0.763223 0.000000 0.646136 1.000000 1.000000 1.000000
1458.669678 1.470703 5908.745117 0.000000 0.479821 0.000000 0.877367 1.348145 1.348145 1.348145
1477.937500 1.924805 6077.289062 0.000000 0.391415 0.000000 0.920214 1.000000 1.000000 1.000000
1060.532959 2.289307 5378.130859 0.000000 0.587520 0.000000 0.809210 1.185828 1.185828 1.185828
1094.747559 1.425171 5485.389648 0.000000 0.032968 0.000000 0.999456 1.000000 1.000000 1.000000
1143.460327 1.881836 5384.750977 0.000000 -0.521922 0.000000 0.852993 1.223791 1.223791 1.223791
1214.687012 2.716675 5414.630859 0.000000 -0.447069 0.000000 0.894500 1.243198 1.243198 1.243198
1209.099121 2.765503 3943.286377 0.000000 0.922063 0.000000 0.387039 1.000000 1.000000 1.000000
1390.169312 0.741943 6068.254883 0.000000 0.109203 0.000000 0.994020 1.000000 1.000000 1.000000
1331.950073 2.467651 4092.473633 0.000000 0.035279 0.000000 0.999377 1.000000 1.000000 1.000000
1488.629028 1.180176 6389.327148 0.000000 0.000000 0.000000 1.000000 1.000000 1.000000 1.000000
1525.810791 1.519043 6389.703125 0.000000 0.358792 0.000000 0.933417 1.256811 1.256811 1.256811
1544.792480 1.080566 6230.434570 0.000000 0.349224 0.000000 0.937039 1.000000 1.000000 1.000000
1599.752808 2.516113 6198.776367 0.000000 -0.164434 0.000000 0.986388 1.044534 1.044534 1.044534
1621.029907 1.818359 6190.416016 0.000000 -0.053525 0.000000 0.998567 1.000000 1.000000 1.000000
1488.151123 2.471741 4078.290039 0.000000 0.323049 0.000000 0.946382 1.000000 1.000000 1.000000
1831.804443 1.818359 6416.868164 0.000000 -0.225097 0.000000 0.974336 1.000000 1.000000 1.000000
1648.450928 0.633820 3846.245605 0.000000 0.006287 0.000000 0.999980 1.000000 1.000000 1.000000
1878.666870 1.596436 6386.006836 0.000000 0.683729 0.000000 0.729736 1.000000 1.000000 1.000000
1816.047852 2.377930 7071.426758 0.000000 -0.121495 0.000000 0.992592 1.184521 1.184521 1.184521
1754.070312 1.837311 3764.406494 0.000000 0.385643 0.000000 0.922648 1.000000 1.000000 1.000000
1840.457764 1.917725 7176.692383 0.000000 0.000000 0.000000 1.000000 1.000000 1.000000 1.000000
1845.439209 2.751358 3623.321045 0.000000 -0.996579 0.000000 -0.082644 1.000000 1.000000 1.000000
2058.184570 1.596436 6549.012695 0.000000 0.253276 0.000000 0.967394 1.000000 1.000000 1.000000
2072.828125 1.656006 5910.882812 0.000000 0.308179 0.000000 0.951328 1.000000 1.000000 1.000000
1858.541504 1.300034 3379.143555 0.000000 0.614613 0.000000 0.788828 1.000000 1.000000 1.000000
1881.018066 1.937057 3463.616943 0.000000 -0.764808 0.000000 0.644259 1.000000 1.000000 1.000000
2182.083984 2.074707 6496.695312 0.000000 0.053282 0.000000 0.998580 1.273535 1.273535 1.273535
2171.540527 2.304443 5903.519531 0.000000 -0.373361 0.000000 0.927686 1.000000 1.000000 1.000000
2542.795898 3.885010 6516.098633 0.000000 0.757051 0.000000 0.653356 1.000000 1.000000 1.000000
2584.639648 2.158691 6597.150391 0.000000 0.820283 0.000000 0.571957 1.000000 1.000000 1.000000
2542.885742 1.572998 6106.533203 0.000000 -0.181784 0.000000 0.983338 1.000000 1.000000 1.000000
2596.827393 1.963135 6479.086914 0.000000 0.237775 0.000000 0.971320 1.000000 1.000000 1.000000
2564.833496 1.811768 6108.972656 0.000000 -0.267750 0.000000 0.963488 1.100636 1.100636 1.100636
2586.318848 1.979492 6040.189453 0.000000 -0.675553 0.000000 0.737311 1.000000 1.000000 1.000000
2637.925293 1.823730 6464.193359 0.000000 0.112501 0.000000 0.993651 1.107324 1.107324 1.107324
2592.519775 1.476563 6089.390625 0.000000 0.768804 0.000000 0.639485 1.000000 1.000000 1.000000
2601.684082 1.572265 5927.272461 0.000000 0.246620 0.000000 0.969112 1.000000 1.000000 1.000000
2720.577148 1.101319 6418.028320 0.000000 0.472360 0.000000 0.881406 1.172290 1.172290 1.172290
2888.602783 1.294189 6821.177734 0.000000 0.437640 0.000000 0.899150 1.280566 1.280566 1.280566
2795.810791 1.581543 5884.247070 0.000000 0.332160 0.000000 0.943223 1.000000 1.000000 1.000000
3004.882324 1.768799 6768.447266 0.000000 0.712440 0.000000 0.701733 1.107130 1.107130 1.107130
3116.854248 0.862305 6716.190430 0.000000 0.466600 0.000000 0.884468 1.000000 1.000000 1.000000
3071.062988 1.716797 6439.099609 0.000000 -0.090756 0.000000 0.995873 1.000000 1.000000 1.000000
3274.989990 0.489746 7065.448242 0.000000 -0.269837 0.000000 0.962906 1.000000 1.000000 1.000000
2944.160645 1.619385 5816.430664 0.000000 -0.179683 0.000000 0.983725 1.000000 1.000000 1.000000
3312.578613 0.770020 6967.783203 0.000000 0.677834 0.000000 0.735215 1.000000 1.000000 1.000000
3349.623291 0.475586 7048.970703 0.000000 -0.667514 0.000000 0.744597 1.000000 1.000000 1.000000
3245.863770 1.536865 6752.875000 0.000000 -0.442655 0.000000 0.896692 1.000000 1.000000 1.000000
3227.188232 2.165283 6677.624023 0.000000 -0.125523 0.000000 0.992091 1.000000 1.000000 1.000000
3306.636963 1.663574 6855.872070 0.000000 -0.605473 0.000000 0.795866 1.000000 1.000000 1.000000
3441.867920 1.124023 7151.714844 0.000000 -0.547144 0.000000 0.837038 1.000000 1.000000 1.000000
3240.321533 1.091553 6519.969727 0.000000 0.627790 0.000000 0.778383 1.000000 1.000000 1.000000
3120.423828 1.125976 6142.890625 0.000000 0.296645 0.000000 0.954988 1.000000 1.000000 1.000000
3066.079102 2.761719 5845.063477 0.000000 0.089753 0.000000 0.995964 1.000000 1.000000 1.000000
3321.544922 1.763672 6641.846680 0.000000 -0.402080 0.000000 0.915604 1.000000 1.000000 1.000000
3246.391846 1.686035 6367.908203 0.000000 0.234372 0.000000 0.972147 0.922778 0.922778 0.922778
3259.640625 1.577393 6389.097656 0.000000 0.587224 0.000000 0.809425 1.000000 1.000000 1.000000
3252.987549 0.996094 6328.482422 0.000000 0.639664 0.000000 0.768655 1.000000 1.000000 1.000000
3293.764404 1.117188 6377.635742 0.000000 -0.477121 0.000000 0.878838 1.000000 1.000000 1.000000
3265.724365 0.889160 6292.215820 0.000000 0.531985 0.000000 0.846753 0.874976 0.874976 0.874976
3451.712402 1.977051 6794.097656 0.000000 0.382120 0.000000 0.924112 1.000000 1.000000 1.000000
3637.067871 0.853516 7145.787109 0.000000 0.557042 0.000000 0.830484 1.000000 1.000000 1.000000
3647.349609 1.790527 6811.058594 0.000000 -0.340896 0.000000 0.940101 1.000000 1.000000 1.000000
3342.699707 2.002930 6238.366211 0.000000 0.415338 0.000000 0.909667 1.000000 1.000000 1.000000
3895.218506 0.478271 7468.919922 0.000000 0.247966 0.000000 0.968769 1.088550 1.088550 1.088550
3249.192383 1.800781 5992.181641 0.000000 0.363943 0.000000 0.931421 1.000000 1.000000 1.000000
3458.154297 0.739258 6482.753906 0.000000 -0.802363 0.000000 0.596836 1.000000 1.000000 1.000000
3595.399658 1.424561 6802.791992 0.000000 0.297316 0.000000 0.954779 1.000000 1.000000 1.000000
3715.041992 1.286377 7030.996094 0.000000 0.682866 0.000000 0.730544 1.000000 1.000000 1.000000
3578.401855 0.841064 6622.179688 0.000000 -0.536371 0.000000 0.843982 1.000000 1.000000 1.000000
3717.202637 0.872070 6897.120117 0.000000 -0.706072 0.000000 0.708140 1.000000 1.000000 1.000000
3381.225342 0.793701 6027.333008 0.000000 -0.189820 0.000000 0.981819 1.000000 1.000000 1.000000
3260.905273 1.693115 4976.337891 0.000000 0.263955 0.000000 0.964535 0.909766 0.909766 0.909766
3786.998535 1.931641 6893.922852 0.000000 0.069159 0.000000 0.997606 1.000000 1.000000 1.000000
3276.355469 0.696899 4764.581055 0.000000 0.574830 0.000000 0.818273 1.000000 1.000000 1.000000
3273.911865 1.364136 4808.042969 0.000000 -0.607899 0.000000 0.794014 1.000000 1.000000 1.000000
3297.611084 1.625732 4902.201172 0.000000 0.579888 0.000000 0.814696 1.000000 1.000000 1.000000
3304.313477 1.861084 4716.014648 0.000000 0.292154 0.000000 0.956371 1.000000 1.000000 1.000000
3309.905273 1.924561 4974.681641 0.000000 -0.390902 0.000000 0.920432 1.000000 1.000000 1.000000
3756.411133 1.917725 6665.627930 0.000000 0.088963 0.000000 0.996035 1.000000 1.000000 1.000000
3521.427979 0.636963 6126.324219 0.000000 -0.725568 0.000000 0.688151 1.000000 1.000000 1.000000
3903.406982 1.472656 6863.105469 0.000000 0.076950 0.000000 0.997035 1.087720 1.087720 1.087720
3371.692871 1.676147 4621.318359 0.000000 0.469486 0.000000 0.882940 1.000000 1.000000 1.000000
4135.318359 0.529053 7224.891602 0.000000 0.238167 0.000000 0.971224 1.000000 1.000000 1.000000
3805.765869 1.526123 6627.071289 0.000000 0.432502 0.000000 0.901633 1.000000 1.000000 1.000000
3862.462646 2.245850 6621.754883 0.000000 -0.483892 0.000000 0.875128 1.000000 1.000000 1.000000
4010.543701 0.665771 6792.152344 0.000000 0.483251 0.000000 0.875482 1.000000 1.000000 1.000000
4003.110840 1.784180 6762.016602 0.000000 -0.287013 0.000000 0.957927 1.000000 1.000000 1.000000
3838.488525 1.119873 6276.225586 0.000000 0.414977 0.000000 0.909832 1.000000 1.000000 1.000000
3789.098145 1.873291 6066.089844 0.000000 -0.304620 0.000000 0.952474 1.119897 1.119897 1.119897
4207.271484 1.837402 6757.594727 0.000000 0.000000 0.000000 1.000000 1.000000 1.000000 1.000000
3943.770264 2.092773 6103.251953 0.000000 -0.353717 0.000000 0.935353 1.192454 1.192454 1.192454
4034.411621 2.002197 6212.045898 0.000000 0.607002 0.000000 0.794700 1.000000 1.000000 1.000000
4323.597656 1.306641 6725.342773 0.000000 0.347515 0.000000 0.937675 1.000000 1.000000 1.000000
4150.239258 1.372803 6386.363281 0.000000 -0.524575 0.000000 0.851364 1.000000 1.000000 1.000000
4340.300781 1.513916 6672.440430 0.000000 -0.911645 0.000000 -0.410978 1.118066 1.118066 1.118066
4090.475098 1.970215 6208.848633 0.000000 -0.681527 0.000000 0.731793 1.154956 1.154956 1.154956
4396.195312 0.920410 6697.450195 0.000000 0.161972 0.000000 0.986795 1.000000 1.000000 1.000000
4390.817383 0.490723 6532.804688 0.000000 0.694065 0.000000 0.719912 1.000000 1.000000 1.000000
4212.023438 1.130371 6078.497070 0.000000 0.428894 0.000000 0.903355 1.242017 1.242017 1.242017
4096.615234 1.033569 5083.991211 0.000000 0.442162 0.000000 0.896935 1.000000 1.000000 1.000000
4145.876953 1.192017 5055.870117 0.000000 -0.848214 0.000000 0.529654 1.158841 1.158841 1.158841
4531.958984 0.511719 6735.989258 0.000000 -0.419636 0.000000 0.907692 1.000000 1.000000 1.000000
4219.480469 1.036255 4965.442383 0.000000 0.000000 0.000000 1.000000 1.000000 1.000000 1.000000
4701.519531 0.654297 6875.339844 0.000000 0.367862 0.000000 0.929880 1.000000 1.000000 1.000000
5439.050781 1.159668 4593.488281 0.000000 -0.560788 0.000000 0.827960 1.000000 1.000000 1.000000
5474.495117 0.765747 4757.620117 0.000000 -0.373871 0.000000 0.927481 1.000000 1.000000 1.000000
5566.739258 1.617188 4834.141602 0.000000 -0.362066 0.000000 0.932152 1.000000 1.000000 1.000000
5587.172852 1.508057 4939.708984 0.000000 0.605789 0.000000 0.795626 1.000000 1.000000 1.000000
5660.329102 0.765625 4874.377930 0.000000 -0.289497 0.000000 0.957179 1.000000 1.000000 1.000000
5758.516602 1.030273 4925.242188 0.000000 0.000000 0.000000 1.000000 1.000000 1.000000 1.000000
5706.171875 1.746338 4361.420898 0.000000 -0.104302 0.000000 0.994546 1.000000 1.000000 1.000000
5820.554688 2.865356 4363.496094 0.000000 0.159713 0.000000 0.987163 1.000000 1.000000 1.000000
6036.273438 1.552795 3747.180420 0.000000 0.280253 0.000000 0.959926 1.000000 1.000000 1.000000
6053.753906 2.309998 3745.551025 0.000000 0.000488 0.000000 1.000000 1.000000 1.000000 1.000000
6071.940430 2.004028 3750.483643 0.000000 -0.149704 0.000000 0.988731 1.000000 1.000000 1.000000
6088.858398 1.555176 3750.157959 0.000000 0.000000 0.000000 1.000000 1.000000 1.000000 1.000000
6169.143555 1.881592 4159.976562 0.000000 0.754878 0.000000 0.655865 1.000000 1.000000 1.000000
6280.367188 0.600708 4599.539062 0.000000 0.016967 0.000000 0.999856 1.000000 1.000000 1.000000
6222.393555 1.908936 4087.602295 0.000000 0.458944 0.000000 0.888465 1.000000 1.000000 1.000000
6426.855469 0.936401 4623.650391 0.000000 0.308484 0.000000 0.951230 1.000000 1.000000 1.000000
6440.151367 1.568970 4311.397461 0.000000 -0.279901 0.000000 0.960029 1.000000 1.000000 1.000000
6575.830078 0.579834 4580.604492 0.000000 0.596130 0.000000 0.802888 1.000000 1.000000 1.000000
6593.734375 1.676025 4535.223633 0.000000 -0.707281 0.000000 0.706933 1.000000 1.000000 1.000000
6601.921875 1.409790 4482.774414 0.000000 -0.820148 0.000000 0.572152 1.000000 1.000000 1.000000
6634.929688 0.773315 4539.573242 0.000000 -0.031001 0.000000 0.999519 1.000000 1.000000 1.000000
6681.096680 0.465088 4566.775391 0.000000 0.513017 0.000000 0.858378 1.000000 1.000000 1.000000
6707.615234 0.498047 4499.352539 0.000000 0.086318 0.000000 0.996268 1.000000 1.000000 1.000000
6821.302734 0.612305 4680.870117 0.000000 -0.334375 0.000000 0.942440 1.000000 1.000000 1.000000
6885.616211 0.688232 4698.384766 0.000000 -0.379411 0.000000 0.925228 1.000000 1.000000 1.000000
6981.184570 0.797974 4361.073242 0.000000 -0.185564 0.000000 0.982632 1.000000 1.000000 1.000000
6998.169922 0.867310 4217.608398 0.000000 0.677160 0.000000 0.735836 1.000000 1.000000 1.000000
6994.369141 0.710632 4073.926025 0.000000 -0.491804 0.000000 0.870706 1.000000 1.000000 1.000000
7030.894531 1.523804 4403.953125 0.000000 0.061972 0.000000 0.998078 1.000000 1.000000 1.000000
7033.554688 0.576355 4082.957031 0.000000 0.516576 0.000000 0.856242 1.000000 1.000000 1.000000
4226.655273 0.491699 4949.896484 0.000000 0.000000 0.000000 1.000000 1.000000 1.000000 1.000000
9060.933594 0.000000 6114.377930 0.000000 -0.835820 0.000000 0.549004 1.915552 1.915552 1.915552
9578.519531 0.821533 6514.077148 0.000000 -0.467815 0.000000 0.883827 1.945269 1.945269 1.945269
9503.296875 0.881592 6361.541016 0.000000 -0.972374 0.000000 -0.233427 2.048605 2.048605 2.048605
8002.707031 1.860352 5215.528320 0.000000 0.220583 0.000000 0.975368 1.048295 1.048295 1.048295
8062.801758 1.680908 5229.381836 0.000000 -0.272980 0.000000 0.962020 1.103826 1.103826 1.103826
8176.029297 1.406982 5275.741211 0.000000 -0.226591 0.000000 0.973990 1.082210 1.082210 1.082210
8208.424805 1.477539 5319.501953 0.000000 -0.250714 0.000000 0.968061 1.375101 1.375101 1.375101
8235.769531 1.386230 5365.063477 0.000000 -0.487653 0.000000 0.873038 1.145841 1.145841 1.145841
8184.732422 0.817627 4891.129883 0.000000 0.324867 0.000000 0.945759 1.114717 1.114717 1.114717
8233.483398 1.835693 4903.234375 0.000000 -0.467167 0.000000 0.884169 1.286347 1.286347 1.286347
8314.535156 1.259521 4979.260742 0.000000 -0.473523 0.000000 0.880782 1.436781 1.436781 1.436781
8397.357422 1.817139 5047.657227 0.000000 -0.049540 0.000000 0.998773 1.280245 1.280245 1.280245
7107.853516 0.000000 4541.345703 0.000000 0.537736 0.000000 0.843114 1.000000 1.000000 1.000000
7062.878906 0.000000 4530.229492 0.000000 -0.389160 0.000000 0.921170 1.000000 1.000000 1.000000
7038.151367 1.647339 4452.298828 0.000000 -0.509923 0.000000 0.860220 1.000000 1.000000 1.000000
6978.195312 0.799927 4308.486328 0.000000 0.681147 0.000000 0.732146 1.000000 1.000000 1.000000
7826.462891 3.121338 4463.649414 0.000000 0.809821 0.000000 0.586676 1.000000 1.000000 1.000000
7913.488281 3.531006 4495.892578 0.000000 -0.029659 0.000000 0.999560 1.000000 1.000000 1.000000
7984.625000 2.819702 4477.480469 0.000000 0.000000 0.000000 1.000000 1.000000 1.000000 1.000000
8022.459961 3.821899 4472.799805 0.000000 0.450028 0.000000 0.893014 1.000000 1.000000 1.000000
7632.477539 1.176758 4313.149414 0.000000 0.552930 0.000000 0.833228 1.000000 1.000000 1.000000
7621.182617 1.550903 4327.778809 0.000000 0.458022 0.000000 0.888941 1.000000 1.000000 1.000000
7613.992188 0.605835 4344.384277 0.000000 0.580683 0.000000 0.814129 1.000000 1.000000 1.000000
7608.189453 0.823242 4352.700195 0.000000 0.321922 0.000000 0.946766 1.000000 1.000000 1.000000
7592.658203 0.681885 4357.747070 0.000000 0.143183 0.000000 0.989696 1.000000 1.000000 1.000000
7576.436523 1.394409 4367.824219 0.000000 0.316369 0.000000 0.948636 1.000000 1.000000 1.000000
7538.032227 4.503296 4404.648926 0.000000 0.355001 0.000000 0.934866 1.000000 1.000000 1.000000
7495.730469 3.613770 4444.939453 0.000000 0.377660 0.000000 0.925944 1.000000 1.000000 1.000000
7594.314453 0.913086 3711.708252 0.000000 0.447956 0.000000 0.894056 1.000000 1.000000 1.000000
7567.599609 0.565552 3752.739258 0.000000 0.595051 0.000000 0.803688 1.000000 1.000000 1.000000
7566.561523 2.011841 3804.668945 0.000000 -0.216890 0.000000 0.976196 1.000000 1.000000 1.000000
7551.172852 2.138306 3806.376221 0.000000 0.671753 0.000000 0.740775 1.000000 1.000000 1.000000
7595.154297 2.244751 3828.833496 0.000000 -0.461437 0.000000 0.887173 1.000000 1.000000 1.000000
7619.780273 2.636719 3866.179932 0.000000 -0.567691 0.000000 0.823242 1.000000 1.000000 1.000000
7610.715820 0.934570 3994.905518 0.000000 0.483277 0.000000 0.875467 1.000000 1.000000 1.000000
7554.617188 2.180420 4072.035400 0.000000 0.485627 0.000000 0.874166 1.000000 1.000000 1.000000
7551.173828 1.553711 4132.352539 0.000000 0.558461 0.000000 0.829531 1.000000 1.000000 1.000000
7490.491211 0.772583 4187.118164 0.000000 0.131999 0.000000 0.991250 1.000000 1.000000 1.000000
7445.244141 2.023804 4167.037109 0.000000 -0.138591 0.000000 0.990350 1.000000 1.000000 1.000000
7356.213867 1.927856 4167.708008 0.000000 0.641562 0.000000 0.767071 1.000000 1.000000 1.000000
7390.809570 2.391968 4276.258789 0.000000 -0.372285 0.000000 0.928118 1.000000 1.000000 1.000000
7380.055664 2.186768 4253.623047 0.000000 0.597746 0.000000 0.801686 1.000000 1.000000 1.000000
7194.219727 1.845337 4174.378418 0.000000 0.733229 0.000000 0.679981 1.000000 1.000000 1.000000
7221.031250 2.276489 4107.304688 0.000000 0.711068 0.000000 0.703124 1.000000 1.000000 1.000000
7261.942383 2.193726 4057.855957 0.000000 0.470402 0.000000 0.882452 1.000000 1.000000 1.000000
7279.811523 2.120972 4027.012451 0.000000 0.735342 0.000000 0.677696 1.000000 1.000000 1.000000
7213.229492 3.606201 3930.233643 0.000000 0.482476 0.000000 0.875909 1.000000 1.000000 1.000000
7214.457031 2.775024 3817.215820 0.000000 0.000000 0.000000 1.000000 1.000000 1.000000 1.000000
7758.381836 1.743774 4456.143555 0.000000 0.000000 0.000000 1.000000 1.000000 1.000000 1.000000
7306.163086 1.237671 3925.014648 0.000000 0.741680 0.000000 0.670754 1.000000 1.000000 1.000000
7299.258789 1.992554 3956.427979 0.000000 0.727560 0.000000 0.686044 1.000000 1.000000 1.000000
7296.630859 1.739502 3982.368652 0.000000 0.565579 0.000000 0.824694 1.000000 1.000000 1.000000
8480.320312 -0.126465 5039.871094 0.000000 0.000000 0.000000 1.000000 1.000000 1.000000 1.000000
8122.887695 1.339111 5272.344727 0.000000 -0.209735 0.000000 0.977758 1.000000 1.000000 1.000000
8315.361328 1.785889 5383.020508 0.000000 -0.163087 0.000000 0.986612 1.000000 1.000000 1.000000
8297.908203 1.504639 5380.525391 0.000000 0.000000 0.000000 1.000000 1.000000 1.000000 1.000000
8245.507812 1.726318 5373.550781 0.000000 -0.290548 0.000000 0.956860 1.000000 1.000000 1.000000
7985.664062 1.266602 4907.630859 0.000000 0.167782 0.000000 0.985824 1.000000 1.000000 1.000000
8088.533203 1.254639 4923.549805 0.000000 -0.514484 0.000000 0.857500 1.000000 1.000000 1.000000
8206.173828 0.207520 4871.532227 0.000000 0.811822 0.000000 0.583905 1.000000 1.000000 1.000000
8268.007812 1.654297 4935.520508 0.000000 -0.292884 0.000000 0.956148 1.000000 1.000000 1.000000
8343.892578 2.007080 5020.547852 0.000000 -0.431841 0.000000 0.901950 1.000000 1.000000 1.000000
8425.859375 1.853516 5035.864258 0.000000 0.395840 0.000000 0.918319 1.131397 1.131397 1.131397
7449.583008 5.221436 4477.320312 0.000000 0.229444 0.000000 0.973322 1.000000 1.000000 1.000000
"}
