object={
	name="cliff coastline 01"
	clamp_to_water_level=no
	render_under_water=yes
	generated_content=no
	layer="temp_layer"
	pdxmesh="cliff_coastline_01_mesh"
	count=12
	transform="7150.126953 -5.207947 2712.580811 -0.000000 -0.375690 -0.000000 -0.926746 0.205334 0.205334 0.205334
7137.259766 -8.310181 2705.426270 -0.000000 -0.897830 -0.000000 -0.440343 0.205334 0.205334 0.205334
7142.614258 -8.310181 2708.041504 -0.000000 -0.453956 -0.000000 -0.891024 0.205334 0.205334 0.205334
7143.481445 -3.742706 2709.547607 -0.000000 0.589585 -0.000000 -0.807706 0.205334 0.205334 0.205334
7138.125977 -4.109802 2706.957764 -0.000000 0.900470 -0.000000 0.434918 0.205334 0.205334 0.205334
7125.428711 -10.846344 2702.377197 -0.000000 -0.660103 -0.000000 -0.751175 0.205334 0.205334 0.205334
7127.091797 -10.183868 2702.912842 -0.000000 -0.098421 -0.000000 -0.995145 0.205334 0.205334 0.205334
7130.829102 -7.514496 2702.992920 -0.000000 0.861429 -0.000000 -0.507878 0.205334 0.205334 0.205334
7129.706055 -7.514496 2703.531494 -0.000000 0.861429 -0.000000 -0.507878 0.205334 0.205334 0.205334
7133.931641 -8.230652 2703.823242 -0.000000 0.957057 -0.000000 0.289902 0.205334 0.205334 0.205334
7132.404297 -6.746429 2704.557373 -0.000000 0.957057 -0.000000 0.289902 0.205334 0.205334 0.205334
7135.377930 -4.879974 2705.541992 -0.000000 0.619824 -0.000000 0.784741 0.205334 0.205334 0.205334
"}
object={
	name="cliff coastline 02"
	clamp_to_water_level=no
	render_under_water=yes
	generated_content=no
	layer="temp_layer"
	pdxmesh="cliff_coastline_02_mesh"
	count=4
	transform="1.268066 0.000000 2431.906006 0.000000 0.000000 0.000000 1.000000 1.000000 1.000000 1.000000
7140.294922 -2.094574 2707.769531 -0.000000 0.814658 -0.000000 -0.579941 0.138236 0.138236 0.138236
7141.830078 -0.798676 2708.468506 -0.000000 0.999852 -0.000000 -0.017216 0.138236 0.138236 0.138236
7146.597656 -0.798676 2710.299561 -0.000000 0.811430 -0.000000 0.584450 0.138236 0.138236 0.138236
"}
object={
	name="cliff coastline 03"
	clamp_to_water_level=no
	render_under_water=yes
	generated_content=no
	layer="temp_layer"
	pdxmesh="cliff_coastline_03_mesh"
	count=5
	transform="1.268066 0.000000 2431.906006 0.000000 0.000000 0.000000 1.000000 1.000000 1.000000 1.000000
7147.811523 -0.847015 2712.304199 -0.000000 0.927711 -0.000000 0.373300 0.120853 0.120853 0.120853
7146.123047 -0.847015 2711.447998 -0.000000 0.485787 -0.000000 0.874077 0.120853 0.120853 0.120853
7147.939453 -0.847015 2711.574707 -0.000000 0.682175 -0.000000 0.731189 0.120853 0.120853 0.120853
7148.037109 -0.847015 2710.762695 -0.000000 -0.000000 -0.000000 1.000000 0.120853 0.120853 0.120853
"}
object={
	name="cliff coastline 04"
	clamp_to_water_level=no
	render_under_water=yes
	generated_content=no
	layer="temp_layer"
	pdxmesh="cliff_coastline_04_mesh"
	count=7
	transform="1.268066 0.000000 2431.906006 0.000000 0.000000 0.000000 1.000000 1.000000 1.000000 1.000000
7152.741211 -4.598541 2714.992920 -0.000000 0.947121 -0.000000 0.320877 0.288403 0.288403 0.288403
7151.723633 -5.109619 2713.149658 -0.000000 0.869259 -0.000000 -0.494356 0.288403 0.288403 0.288403
7149.393555 -5.227631 2712.008057 -0.000000 0.592841 -0.000000 0.805319 0.288403 0.288403 0.288403
7145.491211 -4.134888 2709.705566 -0.000000 -0.245334 -0.000000 0.969439 0.288403 0.288403 0.288403
7140.166016 -4.406006 2707.443604 -0.000000 0.635974 -0.000000 0.771710 0.288403 0.288403 0.288403
7153.022461 -5.699432 2714.560303 -0.000000 -0.308077 -0.000000 0.951361 0.288403 0.288403 0.288403
"}
