object={
	name="env_desert_ambient_close"
	clamp_to_water_level=yes
	render_under_water=no
	generated_content=no
	layer="env_effect_layer"
	entity="env_desert_plains_ambient"
	count=14
	transform="6095.119141 0.000000 5489.514648 0.000000 0.000000 0.000000 1.000000 1.000000 1.000000 1.000000
6354.014648 0.000000 5538.177734 0.000000 0.000000 0.000000 1.000000 1.000000 1.000000 1.000000
5526.059570 0.000000 6007.173828 0.000000 0.000000 0.000000 1.000000 1.000000 1.000000 1.000000
5216.207031 0.000000 5740.944336 0.000000 0.000000 0.000000 1.000000 1.000000 1.000000 1.000000
3841.772949 0.000000 5070.412109 0.000000 0.000000 0.000000 1.000000 1.000000 1.000000 1.000000
4548.224609 0.000000 4348.806641 0.000000 0.000000 0.000000 1.000000 1.000000 1.000000 1.000000
2692.876465 0.000000 4697.317383 0.000000 0.000000 0.000000 1.000000 1.000000 1.000000 1.000000
3110.364502 0.000000 4333.930664 0.000000 0.000000 0.000000 1.000000 1.000000 1.000000 1.000000
2070.026855 0.000000 4356.441406 0.000000 0.000000 0.000000 1.000000 1.000000 1.000000 1.000000
2220.301025 0.000000 4828.158203 0.000000 0.000000 0.000000 1.000000 1.000000 1.000000 1.000000
1811.284668 0.000000 4841.619141 0.000000 0.000000 0.000000 1.000000 1.000000 1.000000 1.000000
1429.974731 0.000000 4925.114258 0.000000 0.000000 0.000000 1.000000 1.000000 1.000000 1.000000
1377.540771 0.000000 4470.152344 0.000000 0.000000 0.000000 1.000000 1.000000 1.000000 1.000000
981.365662 0.000000 4452.531250 0.000000 0.000000 0.000000 1.000000 1.000000 1.000000 1.000000
"}
object={
	name="env_desert_mountains"
	clamp_to_water_level=yes
	render_under_water=no
	generated_content=no
	layer="env_effect_mountains_layer"
	entity="env_desert_mountains"
	count=50
	transform="6346.008789 0.000000 5212.041016 0.000000 0.000000 0.000000 1.000000 1.000000 1.000000 1.000000
6478.630859 0.000000 5205.140625 0.000000 0.000000 0.000000 1.000000 1.000000 1.000000 1.000000
6746.913086 0.000000 5329.082031 0.000000 0.000000 0.000000 1.000000 1.000000 1.000000 1.000000
6765.446289 0.000000 5377.419922 0.000000 0.000000 0.000000 1.000000 1.000000 1.000000 1.000000
6869.374023 0.000000 5399.821289 0.000000 0.000000 0.000000 1.000000 1.000000 1.000000 1.000000
6951.708984 0.000000 5284.461914 0.000000 0.000000 0.000000 1.000000 1.000000 1.000000 1.000000
6894.535156 0.000000 5208.544922 0.000000 0.000000 0.000000 1.000000 1.000000 1.000000 1.000000
6617.104492 0.000000 5177.551758 0.000000 0.000000 0.000000 1.000000 1.000000 1.000000 1.000000
6423.169922 0.000000 5119.448242 0.000000 0.000000 0.000000 1.000000 1.000000 1.000000 1.000000
6438.949219 0.000000 5020.644531 0.000000 0.000000 0.000000 1.000000 1.000000 1.000000 1.000000
6752.302734 0.000000 5105.847656 0.000000 0.000000 0.000000 1.000000 1.000000 1.000000 1.000000
6982.938477 0.000000 5119.391602 0.000000 0.000000 0.000000 1.000000 1.000000 1.000000 1.000000
7079.311523 0.000000 5122.762695 0.000000 0.000000 0.000000 1.000000 1.000000 1.000000 1.000000
6404.229492 0.000000 5157.000977 0.000000 0.000000 0.000000 1.000000 1.000000 1.000000 1.000000
6770.191406 0.000000 5280.643555 0.000000 0.000000 0.000000 1.000000 1.000000 1.000000 1.000000
4160.095703 0.000000 5281.787109 0.000000 0.000000 0.000000 1.000000 1.000000 1.000000 1.000000
4391.614258 0.000000 5060.590820 0.000000 0.000000 0.000000 1.000000 1.000000 1.000000 1.000000
4597.955078 0.000000 4896.582031 0.000000 0.000000 0.000000 1.000000 1.000000 1.000000 1.000000
4704.830078 0.000000 4824.486328 0.000000 0.000000 0.000000 1.000000 1.000000 1.000000 1.000000
4891.505859 0.000000 4861.271484 0.000000 0.000000 0.000000 1.000000 1.000000 1.000000 1.000000
4876.874023 0.000000 5049.874023 0.000000 0.000000 0.000000 1.000000 1.000000 1.000000 1.000000
4862.260742 0.000000 5184.477539 0.000000 0.000000 0.000000 1.000000 1.000000 1.000000 1.000000
5092.940430 0.000000 5105.018555 0.000000 0.000000 0.000000 1.000000 1.000000 1.000000 1.000000
5161.422852 0.000000 5094.727539 0.000000 0.000000 0.000000 1.000000 1.000000 1.000000 1.000000
5293.021484 0.000000 5153.304688 0.000000 0.000000 0.000000 1.000000 1.000000 1.000000 1.000000
5080.168945 0.000000 5222.728516 0.000000 0.000000 0.000000 1.000000 1.000000 1.000000 1.000000
4787.590820 0.000000 5323.279297 0.000000 0.000000 0.000000 1.000000 1.000000 1.000000 1.000000
4650.487305 0.000000 5383.605469 0.000000 0.000000 0.000000 1.000000 1.000000 1.000000 1.000000
5319.967773 0.000000 5129.187500 0.000000 0.000000 0.000000 1.000000 1.000000 1.000000 1.000000
5436.324219 0.000000 4991.821289 0.000000 0.000000 0.000000 1.000000 1.000000 1.000000 1.000000
5380.349609 0.000000 4926.981445 0.000000 0.000000 0.000000 1.000000 1.000000 1.000000 1.000000
5558.417969 0.000000 4933.019531 0.000000 0.000000 0.000000 1.000000 1.000000 1.000000 1.000000
3658.439453 0.000000 4769.734375 0.000000 0.000000 0.000000 1.000000 1.000000 1.000000 1.000000
3687.694092 0.000000 4719.354492 0.000000 0.000000 0.000000 1.000000 1.000000 1.000000 1.000000
4023.768555 0.000000 4402.113770 0.000000 0.000000 0.000000 1.000000 1.000000 1.000000 1.000000
4081.204102 0.000000 4303.838867 0.000000 0.000000 0.000000 1.000000 1.000000 1.000000 1.000000
4080.662354 0.000000 4066.037354 0.000000 0.000000 0.000000 1.000000 1.000000 1.000000 1.000000
4349.043945 0.000000 4107.834961 0.000000 0.000000 0.000000 1.000000 1.000000 1.000000 1.000000
4485.488281 0.000000 4142.734375 0.000000 0.000000 0.000000 1.000000 1.000000 1.000000 1.000000
2118.544922 0.000000 4608.834961 0.000000 0.000000 0.000000 1.000000 1.000000 1.000000 1.000000
2030.827637 0.000000 4568.944336 0.000000 0.000000 0.000000 1.000000 1.000000 1.000000 1.000000
1785.264404 0.000000 4633.847656 0.000000 0.000000 0.000000 1.000000 1.000000 1.000000 1.000000
1819.266602 0.000000 4522.519531 0.000000 0.000000 0.000000 1.000000 1.000000 1.000000 1.000000
2557.621582 0.000000 4380.601562 0.000000 0.000000 0.000000 1.000000 1.000000 1.000000 1.000000
2520.699463 0.000000 4338.361328 0.000000 0.000000 0.000000 1.000000 1.000000 1.000000 1.000000
2039.669678 0.000000 4289.797852 0.000000 0.000000 0.000000 1.000000 1.000000 1.000000 1.000000
1875.664795 0.000000 4202.211914 0.000000 0.000000 0.000000 1.000000 1.000000 1.000000 1.000000
1968.928467 0.000000 4181.089844 0.000000 0.000000 0.000000 1.000000 1.000000 1.000000 1.000000
1657.720947 0.000000 4399.195801 0.000000 0.000000 0.000000 1.000000 1.000000 1.000000 1.000000
2142.206543 0.000000 4558.873047 0.000000 0.000000 0.000000 1.000000 1.000000 1.000000 1.000000
"}
object={
	name="env_desert_plains"
	clamp_to_water_level=yes
	render_under_water=no
	generated_content=no
	layer="env_effect_layer"
	entity="env_desert_plains"
	count=67
	transform="2134.181396 0.000000 4284.965820 0.000000 0.000000 0.000000 1.000000 1.000000 1.000000 1.000000
1834.015381 0.000000 4797.291992 0.000000 0.000000 0.000000 1.000000 1.000000 1.000000 1.000000
1970.974121 0.000000 5012.791016 0.000000 0.000000 0.000000 1.000000 1.000000 1.000000 1.000000
1477.502197 0.000000 4984.632812 0.000000 0.000000 0.000000 1.000000 1.000000 1.000000 1.000000
1365.301025 0.000000 4905.242188 0.000000 0.000000 0.000000 1.000000 1.000000 1.000000 1.000000
1315.150024 0.000000 4491.251953 0.000000 0.000000 0.000000 1.000000 1.000000 1.000000 1.000000
1375.153809 0.000000 4417.044922 0.000000 0.000000 0.000000 1.000000 1.000000 1.000000 1.000000
1394.508301 0.000000 4519.450195 0.000000 0.000000 0.000000 1.000000 1.000000 1.000000 1.000000
1384.867188 0.000000 4551.782227 0.000000 0.000000 0.000000 1.000000 1.000000 1.000000 1.000000
996.772949 0.000000 4425.038086 0.000000 0.000000 0.000000 1.000000 1.000000 1.000000 1.000000
1065.956299 0.000000 4381.153320 0.000000 0.000000 0.000000 1.000000 1.000000 1.000000 1.000000
1082.058472 0.000000 4547.725586 0.000000 0.000000 0.000000 1.000000 1.000000 1.000000 1.000000
2655.579834 0.000000 4754.057617 0.000000 0.000000 0.000000 1.000000 1.000000 1.000000 1.000000
2495.770752 0.000000 4675.769531 0.000000 0.000000 0.000000 1.000000 1.000000 1.000000 1.000000
2483.218994 0.000000 4598.364258 0.000000 0.000000 0.000000 1.000000 1.000000 1.000000 1.000000
2771.328369 0.000000 4717.051758 0.000000 0.000000 0.000000 1.000000 1.000000 1.000000 1.000000
2766.892090 0.000000 4594.363281 0.000000 0.000000 0.000000 1.000000 1.000000 1.000000 1.000000
2785.060059 0.000000 4389.149902 0.000000 0.000000 0.000000 1.000000 1.000000 1.000000 1.000000
2709.607422 0.000000 4179.991211 0.000000 0.000000 0.000000 1.000000 1.000000 1.000000 1.000000
2703.167969 0.000000 4146.820312 0.000000 0.000000 0.000000 1.000000 1.000000 1.000000 1.000000
2933.149170 0.000000 4792.344727 0.000000 0.000000 0.000000 1.000000 1.000000 1.000000 1.000000
3061.301514 0.000000 4635.575195 0.000000 0.000000 0.000000 1.000000 1.000000 1.000000 1.000000
3165.086182 0.000000 4469.227539 0.000000 0.000000 0.000000 1.000000 1.000000 1.000000 1.000000
3157.496582 0.000000 4376.437500 0.000000 0.000000 0.000000 1.000000 1.000000 1.000000 1.000000
3104.075684 0.000000 4327.333984 0.000000 0.000000 0.000000 1.000000 1.000000 1.000000 1.000000
3107.331543 0.000000 4161.898438 0.000000 0.000000 0.000000 1.000000 1.000000 1.000000 1.000000
3179.526367 0.000000 4362.663086 0.000000 0.000000 0.000000 1.000000 1.000000 1.000000 1.000000
3279.285400 0.000000 4539.316406 0.000000 0.000000 0.000000 1.000000 1.000000 1.000000 1.000000
3454.476074 0.000000 4331.211914 0.000000 0.000000 0.000000 1.000000 1.000000 1.000000 1.000000
3779.466553 0.000000 5139.687500 0.000000 0.000000 0.000000 1.000000 1.000000 1.000000 1.000000
3874.703857 0.000000 5076.433594 0.000000 0.000000 0.000000 1.000000 1.000000 1.000000 1.000000
3865.900391 0.000000 4939.843750 0.000000 0.000000 0.000000 1.000000 1.000000 1.000000 1.000000
3756.352539 0.000000 4812.528320 0.000000 0.000000 0.000000 1.000000 1.000000 1.000000 1.000000
3870.173340 0.000000 4812.520508 0.000000 0.000000 0.000000 1.000000 1.000000 1.000000 1.000000
4104.274414 0.000000 4874.651367 0.000000 0.000000 0.000000 1.000000 1.000000 1.000000 1.000000
4141.582031 0.000000 4672.820312 0.000000 0.000000 0.000000 1.000000 1.000000 1.000000 1.000000
3966.178711 0.000000 4683.677734 0.000000 0.000000 0.000000 1.000000 1.000000 1.000000 1.000000
4034.806885 0.000000 4532.162109 0.000000 0.000000 0.000000 1.000000 1.000000 1.000000 1.000000
4065.804688 0.000000 4350.704590 0.000000 0.000000 0.000000 1.000000 1.000000 1.000000 1.000000
4422.550781 0.000000 4420.722656 0.000000 0.000000 0.000000 1.000000 1.000000 1.000000 1.000000
4626.393555 0.000000 4402.230469 0.000000 0.000000 0.000000 1.000000 1.000000 1.000000 1.000000
4840.602539 0.000000 4365.500977 0.000000 0.000000 0.000000 1.000000 1.000000 1.000000 1.000000
4760.272461 0.000000 4336.722656 0.000000 0.000000 0.000000 1.000000 1.000000 1.000000 1.000000
4651.015625 0.000000 4253.373535 0.000000 0.000000 0.000000 1.000000 1.000000 1.000000 1.000000
4427.597656 0.000000 4209.570312 0.000000 0.000000 0.000000 1.000000 1.000000 1.000000 1.000000
4114.681641 0.000000 4205.336426 0.000000 0.000000 0.000000 1.000000 1.000000 1.000000 1.000000
4465.837891 0.000000 4376.058594 0.000000 0.000000 0.000000 1.000000 1.000000 1.000000 1.000000
4551.261719 0.000000 4418.030273 0.000000 0.000000 0.000000 1.000000 1.000000 1.000000 1.000000
4700.284180 0.000000 5219.832031 0.000000 0.000000 0.000000 1.000000 1.000000 1.000000 1.000000
4857.088867 0.000000 4965.551758 0.000000 0.000000 0.000000 1.000000 1.000000 1.000000 1.000000
6526.880859 0.000000 5540.769531 0.000000 0.000000 0.000000 1.000000 1.000000 1.000000 1.000000
6304.137695 0.000000 5557.951172 0.000000 0.000000 0.000000 1.000000 1.000000 1.000000 1.000000
6247.944336 0.000000 5492.393555 0.000000 0.000000 0.000000 1.000000 1.000000 1.000000 1.000000
5139.696289 0.000000 5815.539062 0.000000 0.000000 0.000000 1.000000 1.000000 1.000000 1.000000
5479.472656 0.000000 6034.476562 0.000000 0.000000 0.000000 1.000000 1.000000 1.000000 1.000000
5556.961914 0.000000 5972.362305 0.000000 0.000000 0.000000 1.000000 1.000000 1.000000 1.000000
5617.333984 0.000000 5913.331055 0.000000 0.000000 0.000000 1.000000 1.000000 1.000000 1.000000
4638.611328 0.000000 5944.501953 0.000000 0.000000 0.000000 1.000000 1.000000 1.000000 1.000000
4690.172852 0.000000 5885.432617 0.000000 0.000000 0.000000 1.000000 1.000000 1.000000 1.000000
4699.416992 0.000000 5754.198242 0.000000 0.000000 0.000000 1.000000 1.000000 1.000000 1.000000
6634.294922 0.000000 5901.833008 0.000000 0.000000 0.000000 1.000000 1.000000 1.000000 1.000000
6584.431641 0.000000 5924.134766 0.000000 0.000000 0.000000 1.000000 1.000000 1.000000 1.000000
6439.616211 0.000000 5997.607422 0.000000 0.000000 0.000000 1.000000 1.000000 1.000000 1.000000
6944.250977 0.000000 5640.050781 0.000000 0.000000 0.000000 1.000000 1.000000 1.000000 1.000000
6971.780273 0.000000 5670.192383 0.000000 0.000000 0.000000 1.000000 1.000000 1.000000 1.000000
7338.804688 0.000000 5619.070312 0.000000 0.000000 0.000000 1.000000 1.000000 1.000000 1.000000
7442.622070 0.000000 5608.195312 0.000000 0.000000 0.000000 1.000000 1.000000 1.000000 1.000000
"}
object={
	name="env_desert_plains_ambient"
	clamp_to_water_level=yes
	render_under_water=no
	generated_content=no
	layer="env_effect_layer"
	entity="env_desert_plains_ambient"
	count=15
	transform="6409.030273 0.000000 5538.511719 0.000000 0.000000 0.000000 1.000000 1.000000 1.000000 1.000000
7374.995117 0.000000 5618.823242 0.000000 0.000000 0.000000 1.000000 1.000000 1.000000 1.000000
4992.248047 0.000000 5552.922852 0.000000 0.000000 0.000000 1.000000 1.000000 1.000000 1.000000
5668.441406 0.000000 4809.159180 0.000000 0.000000 0.000000 1.000000 1.000000 1.000000 1.000000
3896.990723 0.000000 4986.144531 0.000000 0.000000 0.000000 1.000000 1.000000 1.000000 1.000000
4689.083984 0.000000 4352.029297 0.000000 0.000000 0.000000 1.000000 1.000000 1.000000 1.000000
2523.516602 0.000000 3947.634033 0.000000 0.000000 0.000000 1.000000 1.000000 1.000000 1.000000
2854.340088 0.000000 4811.817383 0.000000 0.000000 0.000000 1.000000 1.000000 1.000000 1.000000
1871.807007 0.000000 4968.011719 0.000000 0.000000 0.000000 1.000000 1.000000 1.000000 1.000000
1507.455688 0.000000 4974.321289 0.000000 0.000000 0.000000 1.000000 1.000000 1.000000 1.000000
1069.089111 0.000000 4692.415039 0.000000 0.000000 0.000000 1.000000 1.000000 1.000000 1.000000
659.855835 0.000000 4514.620117 0.000000 0.000000 0.000000 1.000000 1.000000 1.000000 1.000000
776.252197 0.000000 4328.661133 0.000000 0.000000 0.000000 1.000000 1.000000 1.000000 1.000000
1361.456299 0.000000 4411.228516 0.000000 0.000000 0.000000 1.000000 1.000000 1.000000 1.000000
1544.037842 0.000000 4507.283203 0.000000 0.000000 0.000000 1.000000 1.000000 1.000000 1.000000
"}
object={
	name="env_forest_mountains"
	clamp_to_water_level=yes
	render_under_water=no
	generated_content=no
	layer="env_effect_mountains_layer"
	entity="env_mist_sun"
	count=80
	transform="7103.616211 0.000000 4658.012695 0.000000 0.000000 0.000000 1.000000 1.000000 1.000000 1.000000
7280.088867 0.000000 4508.755859 0.000000 0.000000 0.000000 1.000000 1.000000 1.000000 1.000000
7341.064453 0.000000 4397.237305 0.000000 0.000000 0.000000 1.000000 1.000000 1.000000 1.000000
7307.121094 0.000000 4472.292969 0.000000 0.000000 0.000000 1.000000 1.000000 1.000000 1.000000
7140.942383 0.000000 4602.918945 0.000000 0.000000 0.000000 1.000000 1.000000 1.000000 1.000000
6962.993164 0.000000 4538.279297 0.000000 0.000000 0.000000 1.000000 1.000000 1.000000 1.000000
7248.531250 0.000000 4408.979492 0.000000 0.000000 0.000000 1.000000 1.000000 1.000000 1.000000
7237.989258 0.000000 4389.261719 0.000000 0.000000 0.000000 1.000000 1.000000 1.000000 1.000000
2792.921875 0.000000 6173.143555 0.000000 0.000000 0.000000 1.000000 1.000000 1.000000 1.000000
2951.762451 0.000000 6098.977539 0.000000 0.000000 0.000000 1.000000 1.000000 1.000000 1.000000
2986.220215 0.000000 6044.810547 0.000000 0.000000 0.000000 1.000000 1.000000 1.000000 1.000000
2794.592773 0.000000 7867.666016 0.000000 0.000000 0.000000 1.000000 1.000000 1.000000 1.000000
2734.276367 0.000000 7752.634766 0.000000 0.000000 0.000000 1.000000 1.000000 1.000000 1.000000
2606.697510 0.000000 7612.512695 0.000000 0.000000 0.000000 1.000000 1.000000 1.000000 1.000000
2522.342285 0.000000 7506.153320 0.000000 0.000000 0.000000 1.000000 1.000000 1.000000 1.000000
2420.572021 0.000000 7397.105469 0.000000 0.000000 0.000000 1.000000 1.000000 1.000000 1.000000
2296.550293 0.000000 7205.243164 0.000000 0.000000 0.000000 1.000000 1.000000 1.000000 1.000000
2293.168701 0.000000 7194.646484 0.000000 0.000000 0.000000 1.000000 1.000000 1.000000 1.000000
1225.800049 0.000000 6930.627930 0.000000 0.000000 0.000000 1.000000 1.000000 1.000000 1.000000
5737.875977 0.000000 4303.669922 0.000000 0.000000 0.000000 1.000000 1.000000 1.000000 1.000000
5807.013672 0.000000 4127.808594 0.000000 0.000000 0.000000 1.000000 1.000000 1.000000 1.000000
5856.459961 0.000000 3976.737305 0.000000 0.000000 0.000000 1.000000 1.000000 1.000000 1.000000
5879.436523 0.000000 3929.905518 0.000000 0.000000 0.000000 1.000000 1.000000 1.000000 1.000000
5959.930664 0.000000 3737.206299 0.000000 0.000000 0.000000 1.000000 1.000000 1.000000 1.000000
5962.117188 0.000000 3807.296631 0.000000 0.000000 0.000000 1.000000 1.000000 1.000000 1.000000
6027.465820 0.000000 3896.914062 0.000000 0.000000 0.000000 1.000000 1.000000 1.000000 1.000000
7594.091797 0.000000 4187.741699 0.000000 0.000000 0.000000 1.000000 1.000000 1.000000 1.000000
7657.763672 0.000000 4103.845703 0.000000 0.000000 0.000000 1.000000 1.000000 1.000000 1.000000
7720.322266 0.000000 3959.999268 0.000000 0.000000 0.000000 1.000000 1.000000 1.000000 1.000000
7736.919922 0.000000 3896.088379 0.000000 0.000000 0.000000 1.000000 1.000000 1.000000 1.000000
7358.436523 0.000000 3406.128418 0.000000 0.000000 0.000000 1.000000 1.000000 1.000000 1.000000
7368.161133 0.000000 3338.065430 0.000000 0.000000 0.000000 1.000000 1.000000 1.000000 1.000000
7374.960938 0.000000 3296.772705 0.000000 0.000000 0.000000 1.000000 1.000000 1.000000 1.000000
7725.989258 0.000000 4556.008789 0.000000 0.000000 0.000000 1.000000 1.000000 1.000000 1.000000
8150.732422 0.000000 4570.265625 0.000000 0.000000 0.000000 1.000000 1.000000 1.000000 1.000000
8200.198242 0.000000 4623.069336 0.000000 0.000000 0.000000 1.000000 1.000000 1.000000 1.000000
8499.185547 0.000000 4554.479492 0.000000 0.000000 0.000000 1.000000 1.000000 1.000000 1.000000
8489.029297 0.000000 4509.405273 0.000000 0.000000 0.000000 1.000000 1.000000 1.000000 1.000000
8478.324219 0.000000 4488.346680 0.000000 0.000000 0.000000 1.000000 1.000000 1.000000 1.000000
8486.195312 0.000000 4102.785156 0.000000 0.000000 0.000000 1.000000 1.000000 1.000000 1.000000
8145.671875 0.000000 3205.720215 0.000000 0.000000 0.000000 1.000000 1.000000 1.000000 1.000000
7279.848633 0.000000 3177.780029 0.000000 0.000000 0.000000 1.000000 1.000000 1.000000 1.000000
7352.478516 0.000000 3083.048584 0.000000 0.000000 0.000000 1.000000 1.000000 1.000000 1.000000
7431.292969 0.000000 2982.028076 0.000000 0.000000 0.000000 1.000000 1.000000 1.000000 1.000000
7439.483398 0.000000 2898.636719 0.000000 0.000000 0.000000 1.000000 1.000000 1.000000 1.000000
7509.969727 0.000000 2878.586182 0.000000 0.000000 0.000000 1.000000 1.000000 1.000000 1.000000
9456.892578 0.000000 2911.022949 0.000000 0.000000 0.000000 1.000000 1.000000 1.000000 1.000000
9700.166016 0.000000 2785.165771 0.000000 0.000000 0.000000 1.000000 1.000000 1.000000 1.000000
9816.099609 0.000000 2736.594727 0.000000 0.000000 0.000000 1.000000 1.000000 1.000000 1.000000
9868.447266 0.000000 2706.827881 0.000000 0.000000 0.000000 1.000000 1.000000 1.000000 1.000000
8444.212891 0.000000 3016.911377 0.000000 0.000000 0.000000 1.000000 1.000000 1.000000 1.000000
9703.859375 0.000000 5803.404297 0.000000 0.000000 0.000000 1.000000 1.000000 1.000000 1.000000
9750.507812 0.000000 5825.241211 0.000000 0.000000 0.000000 1.000000 1.000000 1.000000 1.000000
9765.050781 0.000000 5828.364258 0.000000 0.000000 0.000000 1.000000 1.000000 1.000000 1.000000
9581.275391 0.000000 5563.342773 0.000000 0.000000 0.000000 1.000000 1.000000 1.000000 1.000000
9610.546875 0.000000 5508.063477 0.000000 0.000000 0.000000 1.000000 1.000000 1.000000 1.000000
9559.308594 0.000000 5376.886719 0.000000 0.000000 0.000000 1.000000 1.000000 1.000000 1.000000
9507.519531 0.000000 5314.955078 0.000000 0.000000 0.000000 1.000000 1.000000 1.000000 1.000000
9418.923828 0.000000 5262.125000 0.000000 0.000000 0.000000 1.000000 1.000000 1.000000 1.000000
9263.906250 0.000000 5205.340820 0.000000 0.000000 0.000000 1.000000 1.000000 1.000000 1.000000
9309.294922 0.000000 6178.233398 0.000000 0.000000 0.000000 1.000000 1.000000 1.000000 1.000000
9193.833984 0.000000 5979.586914 0.000000 0.000000 0.000000 1.000000 1.000000 1.000000 1.000000
9067.412109 0.000000 5885.222656 0.000000 0.000000 0.000000 1.000000 1.000000 1.000000 1.000000
9014.535156 0.000000 5844.632812 0.000000 0.000000 0.000000 1.000000 1.000000 1.000000 1.000000
9523.039062 0.000000 6233.073242 0.000000 0.000000 0.000000 1.000000 1.000000 1.000000 1.000000
9334.740234 0.000000 6388.989258 0.000000 0.000000 0.000000 1.000000 1.000000 1.000000 1.000000
8889.447266 0.000000 6408.749023 0.000000 0.000000 0.000000 1.000000 1.000000 1.000000 1.000000
8598.011719 0.000000 6437.381836 0.000000 0.000000 0.000000 1.000000 1.000000 1.000000 1.000000
8521.408203 0.000000 6518.281250 0.000000 0.000000 0.000000 1.000000 1.000000 1.000000 1.000000
8614.283203 0.000000 6557.301758 0.000000 0.000000 0.000000 1.000000 1.000000 1.000000 1.000000
7824.589844 0.000000 6742.031250 0.000000 0.000000 0.000000 1.000000 1.000000 1.000000 1.000000
7876.179688 0.000000 6689.208984 0.000000 0.000000 0.000000 1.000000 1.000000 1.000000 1.000000
7549.284180 0.000000 6881.169922 0.000000 0.000000 0.000000 1.000000 1.000000 1.000000 1.000000
7444.187500 0.000000 6827.561523 0.000000 0.000000 0.000000 1.000000 1.000000 1.000000 1.000000
7165.698242 0.000000 6750.514648 0.000000 0.000000 0.000000 1.000000 1.000000 1.000000 1.000000
6807.488281 0.000000 6847.448242 0.000000 0.000000 0.000000 1.000000 1.000000 1.000000 1.000000
6787.649414 0.000000 6830.715820 0.000000 0.000000 0.000000 1.000000 1.000000 1.000000 1.000000
8739.601562 0.000000 6671.200195 0.000000 0.000000 0.000000 1.000000 1.000000 1.000000 1.000000
8869.402344 0.000000 6728.416016 0.000000 0.000000 0.000000 1.000000 1.000000 1.000000 1.000000
8889.583984 0.000000 6878.387695 0.000000 0.000000 0.000000 1.000000 1.000000 1.000000 1.000000
"}
object={
	name="env_mist_forest"
	clamp_to_water_level=yes
	render_under_water=no
	generated_content=no
	layer="env_effect_layer"
	entity="env_mist_sun"
	count=58
	transform="2376.310791 0.000000 6525.066406 0.000000 0.000000 0.000000 1.000000 1.000000 1.000000 1.000000
1592.950439 0.000000 6098.345703 0.000000 0.000000 0.000000 1.000000 1.000000 1.000000 1.000000
3136.181641 0.000000 6319.213867 0.000000 0.000000 0.000000 1.000000 1.000000 1.000000 1.000000
1535.433350 0.000000 5907.240234 0.000000 0.000000 0.000000 1.000000 1.000000 1.000000 1.000000
3106.034668 0.000000 6847.378906 0.000000 0.000000 0.000000 1.000000 1.000000 1.000000 1.000000
3654.469482 0.000000 6455.059570 0.000000 0.000000 0.000000 1.000000 1.000000 1.000000 1.000000
3525.416992 0.000000 6413.192383 0.000000 0.000000 0.000000 1.000000 1.000000 1.000000 1.000000
4126.012695 0.000000 6448.082031 0.000000 0.000000 0.000000 1.000000 1.000000 1.000000 1.000000
4370.406250 0.000000 6659.059570 0.000000 0.000000 0.000000 1.000000 1.000000 1.000000 1.000000
4441.910156 0.000000 6729.833008 0.000000 0.000000 0.000000 1.000000 1.000000 1.000000 1.000000
4239.273438 0.000000 6847.334961 0.000000 0.000000 0.000000 1.000000 1.000000 1.000000 1.000000
3836.651611 0.000000 6740.511719 0.000000 0.000000 0.000000 1.000000 1.000000 1.000000 1.000000
3745.096191 0.000000 6729.845703 0.000000 0.000000 0.000000 1.000000 1.000000 1.000000 1.000000
3565.780273 0.000000 6708.579102 0.000000 0.000000 0.000000 1.000000 1.000000 1.000000 1.000000
2707.232422 0.000000 6815.600586 0.000000 0.000000 0.000000 1.000000 1.000000 1.000000 1.000000
2854.310791 0.000000 7339.238281 0.000000 0.000000 0.000000 1.000000 1.000000 1.000000 1.000000
2745.708740 0.000000 7248.044922 0.000000 0.000000 0.000000 1.000000 1.000000 1.000000 1.000000
2407.988770 0.000000 7335.184570 0.000000 0.000000 0.000000 1.000000 1.000000 1.000000 1.000000
2365.788574 0.000000 7211.179688 0.000000 0.000000 0.000000 1.000000 1.000000 1.000000 1.000000
2333.345703 0.000000 7124.099609 0.000000 0.000000 0.000000 1.000000 1.000000 1.000000 1.000000
2248.455322 0.000000 7113.222656 0.000000 0.000000 0.000000 1.000000 1.000000 1.000000 1.000000
2365.075684 0.000000 7026.732422 0.000000 0.000000 0.000000 1.000000 1.000000 1.000000 1.000000
2407.860596 0.000000 6922.453125 0.000000 0.000000 0.000000 1.000000 1.000000 1.000000 1.000000
2933.244629 0.000000 7660.667969 0.000000 0.000000 0.000000 1.000000 1.000000 1.000000 1.000000
3076.679688 0.000000 7698.280273 0.000000 0.000000 0.000000 1.000000 1.000000 1.000000 1.000000
3086.933105 0.000000 7739.029297 0.000000 0.000000 0.000000 1.000000 1.000000 1.000000 1.000000
6921.802734 0.000000 4609.276367 0.000000 0.000000 0.000000 1.000000 1.000000 1.000000 1.000000
6929.175781 0.000000 4505.390625 0.000000 0.000000 0.000000 1.000000 1.000000 1.000000 1.000000
6929.958008 0.000000 4436.160156 0.000000 0.000000 0.000000 1.000000 1.000000 1.000000 1.000000
7284.646484 0.000000 4522.604492 0.000000 0.000000 0.000000 1.000000 1.000000 1.000000 1.000000
7382.192383 0.000000 4357.119141 0.000000 0.000000 0.000000 1.000000 1.000000 1.000000 1.000000
6262.713867 0.000000 4760.043945 0.000000 0.000000 0.000000 1.000000 1.000000 1.000000 1.000000
6431.509766 0.000000 4714.571289 0.000000 0.000000 0.000000 1.000000 1.000000 1.000000 1.000000
6600.140625 0.000000 4690.064453 0.000000 0.000000 0.000000 1.000000 1.000000 1.000000 1.000000
6659.869141 0.000000 4672.595703 0.000000 0.000000 0.000000 1.000000 1.000000 1.000000 1.000000
6535.017578 0.000000 4522.738281 0.000000 0.000000 0.000000 1.000000 1.000000 1.000000 1.000000
6253.653320 0.000000 4439.674805 0.000000 0.000000 0.000000 1.000000 1.000000 1.000000 1.000000
6189.105469 0.000000 4384.469727 0.000000 0.000000 0.000000 1.000000 1.000000 1.000000 1.000000
6078.783203 0.000000 4281.389648 0.000000 0.000000 0.000000 1.000000 1.000000 1.000000 1.000000
6024.060547 0.000000 4443.064453 0.000000 0.000000 0.000000 1.000000 1.000000 1.000000 1.000000
5934.249023 0.000000 4363.850586 0.000000 0.000000 0.000000 1.000000 1.000000 1.000000 1.000000
5814.431641 0.000000 4326.011719 0.000000 0.000000 0.000000 1.000000 1.000000 1.000000 1.000000
5803.467773 0.000000 4271.208008 0.000000 0.000000 0.000000 1.000000 1.000000 1.000000 1.000000
5771.856445 0.000000 4162.211914 0.000000 0.000000 0.000000 1.000000 1.000000 1.000000 1.000000
5786.657227 0.000000 4063.790039 0.000000 0.000000 0.000000 1.000000 1.000000 1.000000 1.000000
5841.750000 0.000000 3982.718018 0.000000 0.000000 0.000000 1.000000 1.000000 1.000000 1.000000
6068.014648 0.000000 4043.182373 0.000000 0.000000 0.000000 1.000000 1.000000 1.000000 1.000000
6092.032227 0.000000 4039.688721 0.000000 0.000000 0.000000 1.000000 1.000000 1.000000 1.000000
6417.276367 0.000000 4288.195312 0.000000 0.000000 0.000000 1.000000 1.000000 1.000000 1.000000
2779.547363 0.000000 6102.170898 0.000000 0.000000 0.000000 1.000000 1.000000 1.000000 1.000000
2615.989014 0.000000 6007.762695 0.000000 0.000000 0.000000 1.000000 1.000000 1.000000 1.000000
2849.528809 0.000000 6032.105469 0.000000 0.000000 0.000000 1.000000 1.000000 1.000000 1.000000
2529.764648 0.000000 6053.185547 0.000000 0.000000 0.000000 1.000000 1.000000 1.000000 1.000000
2269.011475 0.000000 6320.319336 0.000000 0.000000 0.000000 1.000000 1.000000 1.000000 1.000000
2268.529297 0.000000 6481.148438 0.000000 0.000000 0.000000 1.000000 1.000000 1.000000 1.000000
2423.980713 0.000000 6556.292969 0.000000 0.000000 0.000000 1.000000 1.000000 1.000000 1.000000
1567.449219 0.000000 6264.102539 0.000000 0.000000 0.000000 1.000000 1.000000 1.000000 1.000000
1291.660889 0.000000 6470.206055 0.000000 0.000000 0.000000 1.000000 1.000000 1.000000 1.000000
"}
object={
	name="env_snow_mountains"
	clamp_to_water_level=yes
	render_under_water=no
	generated_content=no
	layer="env_effect_mountains_layer"
	entity="env_snow_mountains"
	count=67
	transform="6125.939453 0.000000 4967.987305 0.000000 0.000000 0.000000 1.000000 1.000000 1.000000 1.000000
6271.698242 0.000000 4900.648438 0.000000 0.000000 0.000000 1.000000 1.000000 1.000000 1.000000
6985.608398 0.000000 4854.469727 0.000000 0.000000 0.000000 1.000000 1.000000 1.000000 1.000000
7141.274414 0.000000 4856.926758 0.000000 0.000000 0.000000 1.000000 1.000000 1.000000 1.000000
7441.181641 0.000000 4957.519531 0.000000 0.000000 0.000000 1.000000 1.000000 1.000000 1.000000
5472.258789 0.000000 5510.642578 0.000000 0.000000 0.000000 1.000000 1.000000 1.000000 1.000000
5978.717773 0.000000 5632.125000 0.000000 0.000000 0.000000 1.000000 1.000000 1.000000 1.000000
6173.721680 0.000000 5712.579102 0.000000 0.000000 0.000000 1.000000 1.000000 1.000000 1.000000
5783.434570 0.000000 5341.632812 0.000000 0.000000 0.000000 1.000000 1.000000 1.000000 1.000000
5875.674805 0.000000 5320.591797 0.000000 0.000000 0.000000 1.000000 1.000000 1.000000 1.000000
6647.470703 0.000000 6182.160156 0.000000 0.000000 0.000000 1.000000 1.000000 1.000000 1.000000
6543.425781 0.000000 6210.629883 0.000000 0.000000 0.000000 1.000000 1.000000 1.000000 1.000000
6788.995117 0.000000 6048.081055 0.000000 0.000000 0.000000 1.000000 1.000000 1.000000 1.000000
6615.916992 0.000000 6277.076172 0.000000 0.000000 0.000000 1.000000 1.000000 1.000000 1.000000
6543.432617 0.000000 6323.263672 0.000000 0.000000 0.000000 1.000000 1.000000 1.000000 1.000000
6510.083008 0.000000 6386.115234 0.000000 0.000000 0.000000 1.000000 1.000000 1.000000 1.000000
6529.598633 0.000000 6492.580078 0.000000 0.000000 0.000000 1.000000 1.000000 1.000000 1.000000
6613.959961 0.000000 6571.429688 0.000000 0.000000 0.000000 1.000000 1.000000 1.000000 1.000000
6604.413086 0.000000 6641.964844 0.000000 0.000000 0.000000 1.000000 1.000000 1.000000 1.000000
7110.011719 0.000000 6097.577148 0.000000 0.000000 0.000000 1.000000 1.000000 1.000000 1.000000
7209.120117 0.000000 6093.637695 0.000000 0.000000 0.000000 1.000000 1.000000 1.000000 1.000000
7256.845703 0.000000 6099.603516 0.000000 0.000000 0.000000 1.000000 1.000000 1.000000 1.000000
2268.875488 0.000000 6017.612305 0.000000 0.000000 0.000000 1.000000 1.000000 1.000000 1.000000
2192.329102 0.000000 6017.696289 0.000000 0.000000 0.000000 1.000000 1.000000 1.000000 1.000000
2108.821045 0.000000 6015.168945 0.000000 0.000000 0.000000 1.000000 1.000000 1.000000 1.000000
2054.682373 0.000000 6009.185547 0.000000 0.000000 0.000000 1.000000 1.000000 1.000000 1.000000
1922.693237 0.000000 5999.962891 0.000000 0.000000 0.000000 1.000000 1.000000 1.000000 1.000000
1928.932861 0.000000 5956.573242 0.000000 0.000000 0.000000 1.000000 1.000000 1.000000 1.000000
1889.673340 0.000000 5904.269531 0.000000 0.000000 0.000000 1.000000 1.000000 1.000000 1.000000
1921.357788 0.000000 5854.329102 0.000000 0.000000 0.000000 1.000000 1.000000 1.000000 1.000000
1454.156372 0.000000 5778.209961 0.000000 0.000000 0.000000 1.000000 1.000000 1.000000 1.000000
1572.695435 0.000000 5730.853516 0.000000 0.000000 0.000000 1.000000 1.000000 1.000000 1.000000
1601.621582 0.000000 5719.058594 0.000000 0.000000 0.000000 1.000000 1.000000 1.000000 1.000000
1623.913574 0.000000 5718.655273 0.000000 0.000000 0.000000 1.000000 1.000000 1.000000 1.000000
430.666992 0.000000 7514.452148 0.000000 0.000000 0.000000 1.000000 1.000000 1.000000 1.000000
537.251221 0.000000 7507.560547 0.000000 0.000000 0.000000 1.000000 1.000000 1.000000 1.000000
570.139648 0.000000 7511.336914 0.000000 0.000000 0.000000 1.000000 1.000000 1.000000 1.000000
587.009277 0.000000 7510.489258 0.000000 0.000000 0.000000 1.000000 1.000000 1.000000 1.000000
2029.888428 0.000000 7242.857422 0.000000 0.000000 0.000000 1.000000 1.000000 1.000000 1.000000
1891.123169 0.000000 7132.841797 0.000000 0.000000 0.000000 1.000000 1.000000 1.000000 1.000000
1910.730469 0.000000 7143.649414 0.000000 0.000000 0.000000 1.000000 1.000000 1.000000 1.000000
1999.249023 0.000000 7273.317383 0.000000 0.000000 0.000000 1.000000 1.000000 1.000000 1.000000
2172.658936 0.000000 7454.890625 0.000000 0.000000 0.000000 1.000000 1.000000 1.000000 1.000000
2394.147949 0.000000 7614.580078 0.000000 0.000000 0.000000 1.000000 1.000000 1.000000 1.000000
2558.007324 0.000000 7732.182617 0.000000 0.000000 0.000000 1.000000 1.000000 1.000000 1.000000
2651.292236 0.000000 7814.059570 0.000000 0.000000 0.000000 1.000000 1.000000 1.000000 1.000000
2688.712402 0.000000 7849.790039 0.000000 0.000000 0.000000 1.000000 1.000000 1.000000 1.000000
2573.373047 0.000000 7780.609375 0.000000 0.000000 0.000000 1.000000 1.000000 1.000000 1.000000
2403.246094 0.000000 7658.735352 0.000000 0.000000 0.000000 1.000000 1.000000 1.000000 1.000000
2289.576660 0.000000 7568.037109 0.000000 0.000000 0.000000 1.000000 1.000000 1.000000 1.000000
2172.658936 0.000000 7454.890625 0.000000 0.000000 0.000000 1.000000 1.000000 1.000000 1.000000
2158.506592 0.000000 7405.912109 0.000000 0.000000 0.000000 1.000000 1.000000 1.000000 1.000000
2108.639648 0.000000 7315.242188 0.000000 0.000000 0.000000 1.000000 1.000000 1.000000 1.000000
2076.229492 0.000000 7248.590820 0.000000 0.000000 0.000000 1.000000 1.000000 1.000000 1.000000
2779.820557 0.000000 6179.749023 0.000000 0.000000 0.000000 1.000000 1.000000 1.000000 1.000000
2848.265869 0.000000 6144.208984 0.000000 0.000000 0.000000 1.000000 1.000000 1.000000 1.000000
2948.822021 0.000000 6097.004883 0.000000 0.000000 0.000000 1.000000 1.000000 1.000000 1.000000
2987.158691 0.000000 6049.857422 0.000000 0.000000 0.000000 1.000000 1.000000 1.000000 1.000000
2992.820068 0.000000 5999.901367 0.000000 0.000000 0.000000 1.000000 1.000000 1.000000 1.000000
2895.097900 0.000000 5952.933594 0.000000 0.000000 0.000000 1.000000 1.000000 1.000000 1.000000
2788.765381 0.000000 5868.097656 0.000000 0.000000 0.000000 1.000000 1.000000 1.000000 1.000000
3857.614258 0.000000 5793.805664 0.000000 0.000000 0.000000 1.000000 1.000000 1.000000 1.000000
3952.744873 0.000000 5769.055664 0.000000 0.000000 0.000000 1.000000 1.000000 1.000000 1.000000
4055.169678 0.000000 5729.887695 0.000000 0.000000 0.000000 1.000000 1.000000 1.000000 1.000000
4150.515625 0.000000 5709.385742 0.000000 0.000000 0.000000 1.000000 1.000000 1.000000 1.000000
4244.813477 0.000000 5669.804688 0.000000 0.000000 0.000000 1.000000 1.000000 1.000000 1.000000
4236.999023 0.000000 5678.141602 0.000000 0.000000 0.000000 1.000000 1.000000 1.000000 1.000000
"}
object={
	name="env_snow_plains"
	clamp_to_water_level=yes
	render_under_water=no
	generated_content=no
	layer="env_effect_layer"
	entity="env_snow_plains"
	count=5
	transform="3502.841309 0.000000 7898.571289 0.000000 0.000000 0.000000 1.000000 1.000000 1.000000 1.000000
3632.177734 0.000000 7840.916992 0.000000 0.000000 0.000000 1.000000 1.000000 1.000000 1.000000
4560.899414 0.000000 7676.292969 0.000000 0.000000 0.000000 1.000000 1.000000 1.000000 1.000000
3305.684570 0.000000 7949.112305 0.000000 0.000000 0.000000 1.000000 1.000000 1.000000 1.000000
3053.071777 0.000000 8046.932617 0.000000 0.000000 0.000000 1.000000 1.000000 1.000000 1.000000
"}
object={
	name="env_snow_plains_ambient"
	clamp_to_water_level=yes
	render_under_water=no
	generated_content=no
	layer="env_effect_layer"
	entity="env_snow_plains_ambient"
	count=7
	transform="3665.381348 0.000000 7804.614258 0.000000 0.000000 0.000000 1.000000 1.000000 1.000000 1.000000
3252.648193 0.000000 7872.458008 0.000000 0.000000 0.000000 1.000000 1.000000 1.000000 1.000000
5513.042969 0.000000 7529.584961 0.000000 0.000000 0.000000 1.000000 1.000000 1.000000 1.000000
5694.529297 0.000000 7484.029297 0.000000 0.000000 0.000000 1.000000 1.000000 1.000000 1.000000
6026.348633 0.000000 7484.035156 0.000000 0.000000 0.000000 1.000000 1.000000 1.000000 1.000000
6145.346680 0.000000 7498.141602 0.000000 0.000000 0.000000 1.000000 1.000000 1.000000 1.000000
5861.062500 0.000000 7403.931641 0.000000 0.000000 0.000000 1.000000 1.000000 1.000000 1.000000
"}
object={
	name="waterfall"
	clamp_to_water_level=yes
	render_under_water=no
	generated_content=no
	layer="coast_foam_layer"
	entity="waterfall"
	count=0
}
object={
	name="waterfall_bottom"
	clamp_to_water_level=yes
	render_under_water=no
	generated_content=no
	layer="coast_foam_layer"
	entity="waterfall_bottom"
	count=0
}
