object={
	name="lakes"
	clamp_to_water_level=no
	render_under_water=no
	generated_content=no
	layer="lake_layer"
	pdxmesh="lake_mesh"
	count=202
	transform="1866.367920 2.062378 6011.204102 0.000000 -0.141371 0.000000 0.989957 25.716228 25.716228 25.716228
2028.544800 1.462280 6098.835938 0.000000 0.181889 0.000000 0.983319 30.029146 30.029146 30.029146
2825.411377 0.613891 6586.748047 0.000000 0.000000 0.000000 1.000000 8.815869 8.815869 8.815869
2745.872559 0.652954 6593.364258 0.000000 0.580932 0.000000 0.813952 19.246355 19.246355 19.246355
2749.247070 0.938110 6564.103516 0.000000 0.407578 0.000000 0.913171 24.815107 24.815107 24.815107
2513.324951 0.826538 6039.533203 0.000000 -0.177341 0.000000 0.984150 33.728848 33.728848 33.728848
2180.479736 1.456421 5737.087891 0.000000 0.217724 0.000000 0.976010 12.116850 12.116850 12.116850
2705.983398 3.027954 5619.210938 0.000000 0.607972 0.000000 0.793959 13.299590 13.299590 13.299590
2687.745361 2.115845 5631.275391 0.000000 0.689680 0.000000 0.724114 13.230052 13.230052 13.230052
3421.372803 2.450073 5477.291992 0.000000 0.364795 0.000000 0.931088 33.852337 33.852337 33.852337
3276.479736 2.756714 5428.244141 0.000000 0.709951 0.000000 0.704251 19.967098 19.967098 19.967098
3312.020020 3.411743 5409.421875 0.000000 0.479372 0.000000 0.877612 18.849056 18.849056 18.849056
2108.312500 0.614624 5954.792969 0.000000 0.770003 0.000000 0.638041 18.584517 18.584517 18.584517
2312.951660 0.132690 6432.945312 0.000000 0.667719 0.000000 0.744414 5.542456 5.542456 5.542456
2232.750732 -0.098023 6522.061523 0.000000 0.000000 0.000000 1.000000 5.739478 5.739478 5.739478
2224.760254 1.159302 6538.999023 0.000000 0.616465 0.000000 0.787382 11.950488 11.950488 11.950488
2175.965820 1.988891 7270.745117 0.000000 0.688088 0.000000 0.725628 29.420162 29.420162 29.420162
2165.300537 1.440552 7316.500000 0.000000 0.000000 0.000000 1.000000 14.071822 14.071822 14.071822
2117.873291 0.488891 7368.888672 0.000000 0.000000 0.000000 1.000000 22.235067 22.235067 22.235067
2409.004883 0.246704 6908.886719 0.000000 0.000000 0.000000 1.000000 15.321826 15.321826 15.321826
2363.041016 0.460083 7290.630859 0.000000 0.000000 0.000000 1.000000 29.109011 29.109011 29.109011
2371.676514 0.783325 7333.175781 0.000000 0.306567 0.000000 0.951849 18.478765 18.478765 18.478765
2326.007568 -0.175171 7353.782227 0.000000 0.604574 0.000000 0.796549 63.485004 63.485004 63.485004
2317.588135 0.810669 7434.958984 0.000000 0.259743 0.000000 0.965678 33.809071 33.809071 33.809071
2249.373291 0.760864 7403.415039 0.000000 0.327233 0.000000 0.944944 30.079529 30.079529 30.079529
2404.368164 0.674438 7452.645508 0.000000 0.558461 0.000000 0.829531 29.779881 29.779881 29.779881
2386.906982 0.380493 7433.097656 0.000000 0.409360 0.000000 0.912373 28.038782 28.038782 28.038782
2346.155029 -0.715210 7472.181641 0.000000 0.000000 0.000000 1.000000 52.261814 52.261814 52.261814
2279.480713 -0.833374 7513.699219 0.000000 0.221773 0.000000 0.975098 52.815685 52.815685 52.815685
2301.842773 1.863403 7600.696289 0.000000 -0.381951 0.000000 0.924182 31.743128 31.743128 31.743128
2361.807129 -1.710816 7543.322266 0.000000 0.325271 0.000000 0.945621 34.511902 34.511902 34.511902
2459.132324 1.295532 7554.741211 0.000000 0.221059 0.000000 0.975260 32.785950 32.785950 32.785950
2429.698730 0.740356 7507.820312 0.000000 0.265809 0.000000 0.964026 44.409973 44.409973 44.409973
2524.513916 1.373169 7628.110352 0.000000 0.513908 0.000000 0.857845 56.259609 56.259609 56.259609
2578.061768 0.849731 7705.131836 0.000000 0.258800 0.000000 0.965931 62.600853 62.600853 62.600853
2576.985107 -0.306030 7760.695312 0.000000 0.247522 0.000000 0.968882 70.339722 70.339722 70.339722
2461.377197 -1.171753 7766.231445 0.000000 0.000000 0.000000 1.000000 31.909939 31.909939 31.909939
2508.621338 1.156372 7786.140625 0.000000 0.162966 0.000000 0.986632 57.330715 57.330715 57.330715
2638.308594 0.024048 7849.739258 0.000000 0.245452 0.000000 0.969409 80.230553 80.230553 80.230553
2618.107178 -0.455933 7873.583008 0.000000 0.127036 0.000000 0.991898 33.728535 33.728535 33.728535
2890.944580 1.269653 7988.136719 0.000000 0.000000 0.000000 1.000000 14.114502 14.114502 14.114502
3059.328125 -1.609741 7821.916016 0.000000 0.114858 0.000000 0.993382 69.747192 69.747192 69.747192
3983.887451 3.106323 5469.667969 0.000000 -0.208840 0.000000 0.977950 58.532623 58.532623 58.532623
4194.454102 0.726440 5620.982422 0.000000 0.000000 0.000000 1.000000 37.542984 37.542984 37.542984
4115.637695 3.716430 5582.132812 0.000000 0.481620 0.000000 0.876380 32.546665 32.546665 32.546665
4116.502930 1.607788 5401.343750 0.000000 0.563766 0.000000 0.825935 47.735088 47.735088 47.735088
4451.455078 1.515747 5228.307617 0.000000 -0.274213 0.000000 0.961669 28.415146 28.415146 28.415146
4542.266602 3.340454 5045.701172 0.000000 0.397969 0.000000 0.917399 39.320568 39.320568 39.320568
4548.400391 2.815307 4868.670898 0.000000 0.514431 0.000000 0.857532 13.066608 13.066608 13.066608
4596.399414 -1.814331 4872.270508 0.000000 0.314631 0.000000 0.949214 44.320930 44.320930 44.320930
4774.691406 2.834839 4909.561523 0.000000 0.000000 0.000000 1.000000 16.230957 16.230957 16.230957
4849.981445 1.148071 4946.259766 0.000000 0.000000 0.000000 1.000000 30.829477 30.829477 30.829477
4897.661133 1.083618 4882.785156 0.000000 0.000000 0.000000 1.000000 28.459480 28.459480 28.459480
4904.044922 1.231567 4817.832031 0.000000 -0.960504 0.000000 -0.278265 25.483728 25.483728 25.483728
4885.880859 1.531128 4749.418945 0.000000 0.000000 0.000000 1.000000 36.660641 36.660641 36.660641
5547.263672 1.518432 5580.834961 0.000000 -0.009949 0.000000 0.999951 28.971130 28.971130 28.971130
6711.091797 1.897339 5594.781250 0.000000 0.599212 0.000000 0.800590 36.138241 36.138241 36.138241
5888.326172 1.479370 5031.602539 0.000000 0.000000 0.000000 1.000000 36.249866 36.249866 36.249866
5919.469727 -1.702271 4993.270508 0.000000 0.232354 0.000000 0.972631 22.343920 22.343920 22.343920
5706.650391 -4.987427 5187.317383 0.000000 0.681147 0.000000 0.732146 29.752474 29.752474 29.752474
5753.271484 0.949585 5108.256836 0.000000 0.000000 0.000000 1.000000 25.746078 25.746078 25.746078
6045.237305 -4.348023 5144.446289 0.000000 0.228672 0.000000 0.973504 24.650063 24.650063 24.650063
6195.025391 1.578247 4944.261719 0.000000 0.000000 0.000000 1.000000 33.077885 33.077885 33.077885
7119.122070 4.401977 5224.886719 0.000000 0.000000 0.000000 1.000000 35.848476 35.848476 35.848476
7288.650391 3.721069 5347.269531 0.000000 0.000000 0.000000 1.000000 62.675552 62.675552 62.675552
5959.807617 2.619018 5725.774414 0.000000 -0.116374 0.000000 0.993205 81.934944 81.934944 81.934944
7725.775391 2.050903 6511.270508 0.000000 -0.473577 0.000000 0.880753 291.361450 291.361450 291.361450
7304.059570 3.098022 6355.528320 0.000000 0.818679 0.000000 0.574252 52.470875 52.470875 52.470875
7096.449219 4.316284 5603.350586 0.000000 0.000000 0.000000 1.000000 47.196121 47.196121 47.196121
7341.974609 -1.464234 5702.633789 0.000000 0.301799 0.000000 0.953371 50.206352 50.206352 50.206352
7484.293945 2.977661 5502.222656 0.000000 0.000000 0.000000 1.000000 42.057457 42.057457 42.057457
7784.473633 1.270141 5621.798828 0.000000 0.915618 0.000000 0.402048 19.927397 19.927397 19.927397
8286.509766 1.475220 6198.597656 0.000000 -0.397185 0.000000 0.917739 51.825203 51.825203 51.825203
9360.673828 0.858032 5241.140625 0.000000 0.880668 0.000000 0.473734 30.101326 30.101326 30.101326
5882.929688 0.897583 6024.926758 0.000000 0.000000 0.000000 1.000000 365.326447 365.326447 365.326447
6333.197266 1.440063 6133.987305 0.000000 0.226770 0.000000 0.973948 54.817661 54.817661 54.817661
6448.110352 3.873657 6182.276367 0.000000 0.000000 0.000000 1.000000 26.493692 26.493692 26.493692
6288.033203 1.019409 5898.389648 0.000000 0.141914 0.000000 0.989879 24.886053 24.886053 24.886053
5980.816406 1.733520 5824.728516 0.000000 0.000000 0.000000 1.000000 41.502617 41.502617 41.502617
5705.434570 3.930786 5683.432617 0.000000 0.000000 0.000000 1.000000 27.843401 27.843401 27.843401
5384.484375 -0.906616 5630.875000 0.000000 0.179563 0.000000 0.983747 66.450554 66.450554 66.450554
6745.726562 3.220337 5429.203125 0.000000 0.228137 0.000000 0.973629 15.133985 15.133985 15.133985
6661.881836 6.303345 5395.280273 0.000000 0.000000 0.000000 1.000000 25.288542 25.288542 25.288542
6604.810547 5.973755 5362.687500 0.000000 0.000000 0.000000 1.000000 30.422443 30.422443 30.422443
6664.503906 5.961792 5312.649414 0.000000 0.331267 0.000000 0.943537 18.944029 18.944029 18.944029
6994.713867 2.582397 5356.347656 0.000000 0.359903 0.000000 0.932990 17.884165 17.884165 17.884165
6523.502930 2.801880 5695.811523 0.000000 0.000000 0.000000 1.000000 30.252205 30.252205 30.252205
6107.090820 6.297485 5240.409180 0.000000 0.000000 0.000000 1.000000 15.879004 15.879004 15.879004
6179.169922 7.306030 5228.236328 0.000000 0.000000 0.000000 1.000000 19.269825 19.269825 19.269825
6250.125977 5.859497 5174.605469 0.000000 0.468462 0.000000 0.883484 20.773132 20.773132 20.773132
6208.793945 7.507202 5163.479492 0.000000 0.103634 0.000000 0.994615 24.500183 24.500183 24.500183
6317.248047 0.908813 4987.134766 0.000000 0.000000 0.000000 1.000000 72.347328 72.347328 72.347328
6323.478516 -1.559448 4962.936523 0.000000 0.986850 0.000000 0.161637 18.215691 18.215691 18.215691
6291.998047 6.550415 5003.278320 0.000000 0.229622 0.000000 0.973280 22.089788 22.089788 22.089788
6858.236328 4.565796 5277.713867 0.000000 0.254671 0.000000 0.967028 22.751417 22.751417 22.751417
6817.149414 5.014038 5240.749023 0.000000 0.000000 0.000000 1.000000 17.096167 17.096167 17.096167
6804.250977 6.874634 5263.116211 0.000000 0.074638 0.000000 0.997211 17.931128 17.931128 17.931128
6761.015625 4.882446 5265.043945 0.000000 0.000000 0.000000 1.000000 20.167812 20.167812 20.167812
6705.925781 5.565063 5275.031250 0.000000 0.000000 0.000000 1.000000 23.145601 23.145601 23.145601
6714.381836 6.494751 5239.885742 0.000000 0.000000 0.000000 1.000000 30.697575 30.697575 30.697575
6717.421875 6.984497 5215.199219 0.000000 0.000000 0.000000 1.000000 28.668528 28.668528 28.668528
6649.559570 3.154175 5248.175781 0.000000 0.467761 0.000000 0.883855 17.577934 17.577934 17.577934
6640.347656 4.473999 5192.839844 0.000000 0.000000 0.000000 1.000000 23.960716 23.960716 23.960716
6533.530273 1.367065 5199.379883 0.000000 0.000000 0.000000 1.000000 16.882593 16.882593 16.882593
6325.577148 0.831421 4954.991211 0.000000 0.796441 0.000000 0.604716 13.716675 13.716675 13.716675
6437.686523 5.843872 4965.868164 0.000000 0.301159 0.000000 0.953574 37.037724 37.037724 37.037724
6351.928711 5.920532 4930.841797 0.000000 0.664350 0.000000 0.747422 12.498965 12.498965 12.498965
6396.837891 7.991089 4913.442383 0.000000 0.501762 0.000000 0.865006 16.051683 16.051683 16.051683
6764.225586 2.861694 5154.679688 0.000000 0.739013 0.000000 0.673691 13.697510 13.697510 13.697510
6698.240234 -0.510132 5126.478516 0.000000 0.000000 0.000000 1.000000 47.828686 47.828686 47.828686
6478.908203 3.693481 4943.514648 0.000000 0.382966 0.000000 0.923762 10.703662 10.703662 10.703662
6487.625000 8.444702 4917.864258 0.000000 0.785273 0.000000 0.619149 14.384660 14.384660 14.384660
6497.986328 4.455688 4970.700195 0.000000 0.855202 0.000000 0.518295 25.494110 25.494110 25.494110
6528.373047 5.861206 4969.050781 0.000000 -0.215639 0.000000 0.976473 24.337795 24.337795 24.337795
6446.370117 3.989624 4894.494141 0.000000 0.671391 0.000000 0.741103 15.486963 15.486963 15.486963
6551.576172 6.119751 5024.409180 0.000000 0.000000 0.000000 1.000000 17.559423 17.559423 17.559423
6580.752930 -4.005982 5017.799805 0.000000 -0.228493 0.000000 0.973545 24.632040 24.632040 24.632040
6632.830078 -2.305542 5009.345703 0.000000 0.000000 0.000000 1.000000 41.724617 41.724617 41.724617
6599.041992 6.048218 4976.574219 0.000000 0.356598 0.000000 0.934258 25.156183 25.156183 25.156183
6730.121094 6.895141 4949.068359 0.000000 -0.196228 0.000000 0.980558 39.621914 39.621914 39.621914
6728.413086 4.105347 4984.967773 0.000000 0.750297 0.000000 0.661101 18.801950 18.801950 18.801950
6693.267578 7.789429 5058.008789 0.000000 -0.100963 0.000000 0.994890 17.746574 17.746574 17.746574
6744.123047 3.617798 5038.561523 0.000000 0.000000 0.000000 1.000000 26.170481 26.170481 26.170481
6780.092773 6.210327 5033.946289 0.000000 0.699777 0.000000 0.714361 13.374123 13.374123 13.374123
6718.392578 -3.148560 4807.976562 0.000000 0.137200 0.000000 0.990543 21.049049 21.049049 21.049049
6733.752930 4.290649 4832.240234 0.000000 0.136474 0.000000 0.990644 19.076134 19.076134 19.076134
8297.085938 1.477173 6109.202148 0.000000 -0.370472 0.000000 0.928844 24.750700 24.750700 24.750700
8290.822266 0.254028 6075.653320 0.000000 0.000000 0.000000 1.000000 7.252531 7.252531 7.252531
8271.263672 0.445923 6084.820312 0.000000 -0.114494 0.000000 0.993424 7.137675 7.137675 7.137675
8285.314453 2.761597 5940.514648 0.000000 -0.430960 0.000000 0.902371 20.113728 20.113728 20.113728
8235.394531 3.669556 5785.375000 0.000000 -0.353859 0.000000 0.935299 24.707047 24.707047 24.707047
8676.648438 0.921020 5927.858398 0.000000 0.472985 0.000000 0.881070 19.233585 19.233585 19.233585
8683.125000 0.579468 5991.522461 0.000000 0.000000 0.000000 1.000000 12.701392 12.701392 12.701392
8658.494141 0.760864 5958.904297 0.000000 0.000000 0.000000 1.000000 14.538870 14.538870 14.538870
7203.266602 -3.986817 3265.131104 0.000000 0.406574 0.000000 0.913618 26.755760 26.755760 26.755760
3901.291016 -0.131226 3785.476318 0.000000 0.476638 0.000000 0.879100 6.727930 6.727930 6.727930
3906.196289 1.649658 3764.696045 0.000000 0.600824 0.000000 0.799381 13.437073 13.437073 13.437073
3602.671143 -2.909485 3327.722656 0.000000 0.784555 0.000000 0.620060 98.592720 98.592720 98.592720
3681.668457 0.630005 3475.709229 0.000000 0.896234 0.000000 0.443581 58.915405 58.915405 58.915405
3391.798828 -0.505799 3206.490234 0.000000 0.000000 0.000000 1.000000 40.950066 40.950066 40.950066
3396.037109 2.667847 3053.112305 0.000000 -0.869389 0.000000 -0.494129 177.363480 177.363480 177.363480
2309.658691 1.319580 3894.183594 0.000000 0.470025 0.000000 0.882653 107.824257 107.824257 107.824257
3279.037842 2.567077 3211.774170 0.000000 -0.306102 0.000000 0.951999 54.797558 54.797558 54.797558
3202.354980 2.544556 3094.041992 0.000000 -0.388147 0.000000 0.921597 26.846786 26.846786 26.846786
3220.167236 1.933716 3042.173096 0.000000 0.552676 0.000000 0.833396 12.157007 12.157007 12.157007
3172.353271 0.277954 2996.477295 0.000000 0.787159 0.000000 0.616750 33.863346 33.863346 33.863346
3201.836914 1.329468 2759.790283 0.000000 0.508294 0.000000 0.861183 249.269562 249.269562 249.269562
3150.369385 2.212097 2587.324951 0.000000 -0.487440 0.000000 0.873157 42.878284 42.878284 42.878284
3211.903076 1.966888 2611.456299 0.000000 -0.382910 0.000000 0.923786 17.486780 17.486780 17.486780
3481.552734 1.785431 2483.003662 0.000000 0.724321 0.000000 -0.689462 131.273773 131.273773 131.273773
3732.562500 -0.601563 3551.208496 0.000000 -0.505611 0.000000 0.862761 12.948340 12.948340 12.948340
3749.604736 1.720093 3602.500732 0.000000 -0.390340 0.000000 0.920671 14.986742 14.986742 14.986742
3649.032227 3.147705 3813.239014 0.000000 0.764641 0.000000 0.644457 37.347836 37.347836 37.347836
6957.951172 1.828979 5575.794922 0.000000 0.000000 0.000000 1.000000 13.597681 13.597681 13.597681
6946.718750 1.447876 5593.752930 0.000000 0.000000 0.000000 1.000000 16.867504 16.867504 16.867504
6846.371094 1.114136 6132.841797 0.000000 0.129518 0.000000 0.991577 74.994141 74.994141 74.994141
6886.289062 2.815552 6212.431641 0.000000 0.268044 0.000000 0.963407 41.354877 41.354877 41.354877
6857.284180 1.992309 6299.557617 0.000000 0.000000 0.000000 1.000000 69.575478 69.575478 69.575478
6754.054688 3.551391 6285.849609 0.000000 0.031916 0.000000 0.999491 17.367628 17.367628 17.367628
6726.204102 3.118042 6236.363281 0.000000 0.000000 0.000000 1.000000 26.467236 26.467236 26.467236
5486.868164 1.328003 6313.488281 0.000000 -0.296966 0.000000 0.954888 87.533684 87.533684 87.533684
5439.532227 0.522095 6506.449219 0.000000 0.000000 0.000000 1.000000 21.720558 21.720558 21.720558
5284.885742 1.467163 6475.299805 0.000000 0.000000 0.000000 1.000000 17.085489 17.085489 17.085489
5223.508789 0.484009 6595.415039 0.000000 0.718749 0.000000 0.695269 14.763051 14.763051 14.763051
5850.755859 0.967651 6267.407227 0.000000 0.000000 0.000000 1.000000 30.448444 30.448444 30.448444
6860.257812 3.867554 5814.790039 0.000000 0.000000 0.000000 1.000000 20.891075 20.891075 20.891075
4986.189453 -0.510132 6700.059570 0.000000 -0.536654 0.000000 0.843802 14.258399 14.258399 14.258399
3017.819824 1.388855 2614.875977 0.000000 -0.328703 0.000000 0.944433 23.839737 23.839737 23.839737
6318.115234 7.183960 4983.484375 0.000000 0.000000 0.000000 1.000000 14.788667 14.788667 14.788667
6739.837891 -2.369263 4842.236328 0.000000 0.024839 0.000000 0.999691 17.378372 17.378372 17.378372
7939.381836 2.456665 6473.642578 0.000000 -0.363602 0.000000 0.931554 18.825226 18.825226 18.825226
7961.909180 0.607300 6497.087891 0.000000 -0.396400 0.000000 0.918078 11.847950 11.847950 11.847950
8010.631836 2.655395 6441.790039 0.000000 0.950380 0.000000 0.311091 31.192902 31.192902 31.192902
8188.480469 0.343139 6236.624023 0.000000 0.000000 0.000000 1.000000 38.677910 38.677910 38.677910
8218.202148 0.304565 6310.131836 0.000000 0.000000 0.000000 1.000000 7.177466 7.177466 7.177466
3653.043213 1.948700 2903.763184 0.000000 0.623815 0.000000 0.781572 18.360310 18.360310 18.360310
3574.960693 1.719665 2977.478760 0.000000 0.661723 0.000000 0.749749 33.645031 33.645031 33.645031
3562.022461 2.318817 2907.739014 0.000000 0.674957 0.000000 0.737858 19.814768 19.814768 19.814768
3519.597168 3.823700 2905.314209 0.000000 0.986029 0.000000 0.166574 31.194481 31.194481 31.194481
3212.561768 2.607429 2465.505859 0.000000 -0.805436 0.000000 -0.592683 35.106949 35.106949 35.106949
3054.851562 1.782257 2484.481689 0.000000 -0.283123 0.000000 0.959084 21.455765 21.455765 21.455765
7218.641602 1.957641 6218.085938 0.000000 0.211048 0.000000 0.977476 20.344507 20.344507 20.344507
7118.241211 2.365600 6188.171875 0.000000 0.000000 0.000000 1.000000 18.935871 18.935871 18.935871
1987.962769 0.732056 5973.787109 0.000000 -0.473724 0.000000 0.880673 26.394499 26.394499 26.394499
3481.309570 1.093994 3788.770264 0.000000 0.315616 0.000000 0.948887 29.233130 29.233130 29.233130
7516.209961 0.601440 4119.586426 0.000000 -0.921291 0.000000 0.388874 7.057643 7.057643 7.057643
7433.545898 4.370483 4540.410156 0.000000 -0.235202 0.000000 0.971946 6.774976 6.774976 6.774976
7287.829102 3.573120 4640.715820 0.000000 -0.847777 0.000000 0.530353 12.661890 12.661890 12.661890
7430.834961 7.709351 4581.724609 0.000000 -0.700997 0.000000 0.713164 12.189238 12.189238 12.189238
7438.543945 -0.944703 4560.329102 0.000000 -0.584652 0.000000 0.811284 14.198440 14.198440 14.198440
7312.994141 5.223511 4687.257812 0.000000 -0.712054 0.000000 0.702125 5.400408 5.400408 5.400408
7102.060547 -0.581665 4285.524902 0.000000 -0.751466 0.000000 0.659772 17.693163 17.693163 17.693163
8465.375000 2.212707 3002.843750 0.000000 -0.857314 0.000000 0.514794 11.584181 11.584181 11.584181
8680.517578 2.092407 3570.852539 0.000000 -0.310689 0.000000 0.950512 9.961429 9.961429 9.961429
7501.939453 0.637085 2833.188965 0.000000 -0.259213 0.000000 0.965820 7.997015 7.997015 7.997015
7322.977539 4.803833 4756.486328 0.000000 -0.799017 0.000000 0.601308 6.668245 6.668245 6.668245
7419.812500 0.289429 4509.406250 0.000000 0.048687 0.000000 0.998814 6.695700 6.695700 6.695700
7096.626953 2.036621 4317.646484 0.000000 -0.707583 0.000000 0.706630 9.022265 9.022265 9.022265
9767.158203 3.469757 2867.893799 0.000000 -0.544306 0.000000 0.838887 10.903702 10.903702 10.903702
9466.189453 3.606018 3006.739502 0.000000 0.000000 0.000000 1.000000 9.257505 9.257505 9.257505
9999.058594 3.341034 2805.528076 0.000000 0.451336 0.000000 0.892354 5.503066 5.503066 5.503066
9373.947266 9.711700 2887.775635 0.000000 0.904726 0.000000 0.425993 10.110320 10.110320 10.110320
"}
